1.92549
1.74503
1.82099
1.89045
1.77798
1.75896
1.86109
1.59767
1.62956
1.74029
1.67313
1.62637
1.74422
1.89155
1.87591
1.92865
1.72694
1.76865
1.79148
1.68802
1.64934
1.68437
1.76171
1.61067
1.78203
1.4872
1.86443
1.74264
1.82452
1.97164
1.70153
1.87162
1.84215
1.94086
1.81195
1.67984
1.76019
1.69716
1.54909
1.61169
1.52723
1.50967
1.55034
1.50438
1.71053
1.47387
1.56674
1.76596
1.54907
1.62008
1.60745
1.66414
1.55319
1.67464
1.40847
1.58383
1.86197
1.79264
1.50615
1.63484
1.49193
1.70997
1.68077
1.75972
1.7397
1.77149
1.74081
1.78803
1.65787
1.46849
1.64486
1.57577
1.76011
1.73381
1.82185
1.71293
1.68716
1.62781
1.6141
1.66155
1.63572
1.74513
1.64028
1.59429
1.64363
1.696
1.47321
1.82342
1.79067
1.73781
1.75685
1.78419
2.03944
1.61436
1.68266
1.63565
1.71789
1.77688
1.63132
1.61801
1.65145
1.55104
1.71013
1.6354
1.79649
1.61272
1.5699
1.66166
1.6134
1.60729
1.57782
1.58187
1.70861
1.62118
1.61038
1.68176
1.82931
1.77379
1.80556
2.1196
1.50805
1.82645
1.62968
1.76622
1.73216
1.61809
2.19681
1.66375
1.7825
1.8403
1.80474
1.90661
1.76651
1.95309
1.82122
1.75919
1.70755
1.63451
1.8056
1.86359
1.87206
1.64382
1.77949
1.96445
1.72596
1.8942
1.72968
1.71981
1.8254
1.79939
1.86322
1.61399
1.59829
1.55768
2.13646
1.65411
1.82684
1.75782
1.91044
1.61737
1.8756
1.6705
1.66045
1.50442
1.57583
1.68317
1.5585
1.51757
1.78492
1.66445
1.76695
1.91643
1.66861
1.62963
1.78259
1.80783
1.88505
1.71166
1.65361
1.48364
