1.96746
1.99881
1.92036
1.9218
2.02578
1.94234
1.9153
1.6336
1.70121
1.67876
1.7914
1.69695
2.13758
1.66552
1.90162
2.34666
2.10537
1.82917
2.08173
2.03426
1.99637
2.00148
2.04593
1.67501
1.90841
1.58021
1.84306
1.87981
1.94943
1.76668
1.75987
1.64345
1.78886
1.74454
1.73939
1.97753
1.71228
1.65556
1.8652
1.65494
1.5904
1.87483
1.65284
1.64262
1.83242
1.75765
1.92962
1.7877
1.82629
1.86297
1.83862
1.74522
1.63467
1.67302
1.55901
1.75633
1.67176
1.75999
1.64075
1.57531
1.65646
1.71448
1.7374
1.71427
2.03978
1.76396
1.76755
1.70341
1.75836
1.67821
1.65791
1.73887
1.77854
1.862
1.94341
1.94335
1.95124
1.7963
1.93404
1.73056
1.91748
1.86003
1.82282
1.76644
1.7087
1.6841
1.57788
1.98728
1.87198
2.03247
1.88267
1.8561
1.94185
1.60514
1.7593
1.7143
1.79877
1.63816
1.76615
1.83032
1.84607
1.69789
1.73735
1.78555
1.92087
1.77811
1.8465
1.80533
1.73622
1.75278
1.71936
1.97414
1.81824
1.79226
1.7482
1.76785
1.76185
2.21536
1.97276
1.85168
1.65975
2.06033
1.80826
1.77317
1.84657
1.82665
2.10419
1.78943
1.80718
1.80682
1.75987
1.88077
1.88329
1.84662
1.81702
1.85835
1.88377
1.86137
1.84333
1.96472
1.92155
1.75289
2.0263
1.87781
1.92781
2.01376
1.84542
1.89642
1.9495
1.96025
2.01806
2.0709
1.74961
1.79163
1.68989
2.00561
1.89248
2.20201
1.99318
1.77912
1.76726
1.75706
1.74382
1.80003
1.74217
1.85318
1.77128
1.6701
1.77302
1.63771
1.88862
1.92035
1.73452
1.67801
1.80334
1.74337
1.88998
1.81712
1.64456
1.73639
