2.3719
2.89108
2.69228
2.33261
2.8864
3.02847
2.2096
1.51635
1.42627
1.4661
1.42344
1.58247
3.19888
1.61266
2.53214
2.84052
2.95771
1.75466
3.09202
3.00907
2.91564
2.6997
3.38421
1.41505
1.79544
1.05066
1.82196
2.08422
1.92484
1.97182
1.87075
1.68863
1.77628
1.53023
1.68681
1.46542
1.4659
1.42986
1.12552
1.21951
1.0523
1.66967
1.13783
1.14326
1.92492
2.29564
1.96671
2.30403
2.34166
2.54966
1.66539
1.55989
1.50243
1.65073
1.46686
1.56926
1.41811
1.71913
1.15142
1.07101
1.40046
1.22693
1.09943
1.68926
1.58985
1.8227
1.47009
1.42028
1.31225
1.09048
1.72168
1.51476
1.47774
1.4268
1.62
1.7766
2.02841
1.1965
1.67622
1.55804
1.57485
1.58102
1.52099
1.59168
1.89498
1.71201
1.75605
1.82181
2.01104
2.0895
2.23441
1.94126
1.59779
1.46838
2.13098
1.42775
1.34442
1.27599
1.42272
1.42286
1.28192
1.47058
1.93753
1.71966
1.4981
1.02874
0.983236
1.30376
1.1828
0.910431
1.48238
1.03083
1.14629
1.24273
1.0551
1.70168
1.81294
1.19747
0.872223
1.03334
1.12167
1.10499
1.23893
1.34541
1.50993
0.890092
1.76947
1.33466
1.72571
1.89928
1.0554
1.79425
2.26004
1.84855
1.58078
2.24605
2.24875
2.37973
2.00738
2.59492
2.62105
2.58758
2.61157
1.90431
2.33539
2.67978
1.70098
1.65895
1.96563
2.28069
2.50993
2.88485
1.11596
2.03949
1.36774
3.0185
2.68559
2.96
2.85167
1.72729
1.8767
1.5398
1.66869
1.1912
1.42516
1.00694
1.33757
1.12145
1.30381
1.94829
2.10389
1.17075
1.54593
1.4223
1.70658
1.41163
1.93863
1.23189
1.07879
1.18351
