1.92903
2.36199
1.89862
2.13528
2.61359
3.02105
2.99242
1.24272
1.44547
1.38504
1.64329
1.10903
2.12461
1.76023
1.7362
1.94884
2.11019
2.59503
2.21614
2.74332
2.50516
3.06363
2.39096
1.4732
2.20748
1.11304
1.84103
2.2408
1.86299
1.78448
2.02851
1.78401
1.97929
1.83261
1.69423
1.25031
1.48753
1.78511
1.09347
1.43385
1.5293
1.5568
1.24919
1.00468
1.84825
2.25372
1.28244
1.83282
2.36747
1.96035
1.71302
1.25528
1.29383
1.58737
1.33612
1.66341
1.55947
2.07687
1.30261
1.48945
2.06045
1.93672
1.52199
2.38271
2.26925
2.45599
1.65128
1.79996
1.98104
1.57187
1.88071
1.9714
1.85272
1.36873
1.81324
2.15532
2.5446
1.74345
2.1604
2.02532
2.00884
2.10024
1.95362
1.9744
2.16525
2.02148
2.09563
2.31637
2.40716
2.39226
2.41986
2.25433
2.45023
1.65625
2.04196
1.39836
1.46389
1.43475
1.4936
1.57707
1.64958
1.7302
1.58817
2.06253
1.84342
1.41549
2.03263
1.69385
1.50174
1.29206
1.66091
1.44929
1.53366
1.58356
1.69338
1.64524
1.77898
1.38044
1.37605
1.49938
1.40368
1.46669
2.11952
1.76056
2.10676
1.65696
2.63321
2.22549
2.26537
2.34499
1.64567
2.25082
2.65114
2.37902
2.26818
2.84943
2.77265
2.88173
2.35654
2.6927
2.47293
1.87798
2.70179
1.89953
2.04008
2.24889
1.75135
2.06775
1.8851
2.20968
2.46238
2.12506
1.98295
3.22957
2.07176
2.57968
2.65369
2.41939
3.03078
2.8233
1.84792
2.42649
2.41761
1.59659
2.2095
1.49531
1.47158
1.35223
1.8216
2.23236
2.22901
1.83655
1.84413
1.59259
1.96047
2.21212
2.23958
1.75153
1.70246
1.39868
