1.0452
1.02242
1.08381
0.9677
1.263
1.32652
1.22443
1.35427
1.30744
1.23217
1.27442
1.23411
1.35885
1.12817
1.30608
1.14302
1.13478
1.14682
1.1347
1.26381
1.32016
1.34483
1.26146
0.885335
1.12015
1.16947
1.09566
1.14618
1.0741
0.963633
1.14715
1.05289
1.03529
1.09912
1.08222
1.26024
1.1538
1.07262
1.13728
1.31375
1.01348
0.932702
1.238
1.28231
1.08811
1.17522
1.21181
1.0568
1.23949
1.2945
1.18837
1.15946
1.22529
1.35997
1.28938
1.33762
1.04601
0.986801
1.10939
1.11981
1.14689
1.28835
1.31233
1.19501
1.15723
1.3308
1.24923
1.37327
1.25392
1.24184
1.51565
1.31385
1.38803
1.26839
1.29668
1.11939
1.37782
1.22065
1.37283
1.38911
1.353
1.46456
1.58753
1.56065
1.41267
1.60798
1.42966
1.17078
1.36786
1.28522
1.49725
1.26481
1.12031
1.07541
1.0663
1.31283
1.23537
1.48161
1.07601
1.15818
1.12459
1.19485
0.9013
1.11213
1.16096
0.810566
0.821037
1.22217
0.908398
0.741258
1.0418
0.826954
0.935329
1.16878
1.25793
1.01551
1.15486
1.0254
0.814292
0.777586
0.663125
0.845294
0.930126
1.02678
1.05756
0.768477
0.768214
0.895267
1.074
1.00472
1.09914
0.942815
1.04931
1.18487
1.05639
1.12541
1.1482
1.27088
1.12495
1.06371
1.15818
1.14622
1.13139
0.962976
1.21302
1.20082
1.12516
1.18265
1.20212
1.07895
1.28728
1.3005
0.778549
1.10751
0.724941
1.23635
1.19912
1.30238
1.21287
0.981966
1.11746
0.832716
0.969489
0.834158
0.88282
1.02446
0.832628
1.0201
1.22551
1.34597
1.30002
0.951844
0.895964
1.00447
1.1227
0.843236
0.996719
0.760896
1.25758
1.15691
