0.975816
1.4825
1.32321
1.00838
1.288
1.36078
1.31086
1.23548
1.06832
1.02785
1.23002
1.13624
1.48289
1.2039
1.36009
1.37544
1.26276
1.16896
1.38258
1.56684
1.41029
1.5036
1.35043
0.930166
1.03845
0.996117
1.2145
1.07037
1.25625
1.06819
1.1574
1.15364
1.0695
1.09016
1.20831
1.21259
1.14984
1.00301
1.05654
1.1213
1.09778
0.781712
0.990223
0.802086
1.15673
1.21711
1.05857
1.01334
1.22218
1.11459
1.25251
1.17196
1.01805
1.09
0.963879
1.07996
1.19525
1.20118
1.27065
1.2413
1.0439
1.03702
1.10797
1.07271
1.092
1.41242
1.12184
1.2056
1.05822
1.01546
1.28066
0.995593
1.38821
1.13132
1.25963
1.30215
1.45242
1.179
1.41917
1.36121
1.55196
1.37986
1.33031
1.30845
1.16435
1.26951
1.12637
1.0755
1.14878
1.20993
1.52348
1.45984
1.11113
1.23268
1.05607
1.27455
1.2021
0.951322
1.17561
1.31549
1.18819
1.40937
0.997625
1.19742
1.37314
0.891255
0.99779
1.1372
0.941012
1.01663
1.25272
0.943646
1.10245
1.23117
1.31907
0.966925
0.899918
0.974742
1.14884
0.921149
0.694592
1.04616
1.07345
0.88827
1.06178
1.03904
1.01333
1.1094
1.17945
1.19133
1.16099
1.30047
1.26275
1.22756
1.21282
1.27164
1.11479
1.30711
1.3178
1.26206
1.27224
1.25436
1.29822
0.983861
1.17237
1.36207
1.37231
1.16868
1.13172
1.24765
1.31425
1.4772
0.838551
1.20595
0.920468
1.61044
1.40847
1.3824
1.30939
1.17434
1.39981
0.956959
1.10982
0.794111
1.0003
1.0642
0.992272
1.06337
1.35206
1.25113
1.2086
1.08475
0.86638
0.788209
0.972198
1.23862
1.32777
1.03285
1.20801
0.988499
