0.883164
1.17102
1.22416
0.898913
1.23998
1.34937
1.16171
1.23846
1.07023
1.15357
1.34418
1.2825
1.51768
1.18983
1.30029
1.61447
1.32223
1.15175
1.3646
1.26621
1.37646
1.45868
1.36808
0.925078
0.905876
1.02619
0.925117
1.08171
1.00653
1.01067
1.06593
1.12303
1.03369
0.96735
0.933213
1.05833
1.11446
0.959417
0.921928
1.24688
1.25124
0.853746
1.06606
0.890464
0.814687
1.11426
0.863332
1.14859
1.01788
1.34835
0.998084
1.05399
1.10752
1.09493
1.05214
1.12121
1.31321
1.23606
1.08834
1.22301
1.27701
1.25252
1.20797
1.23494
1.19689
1.23529
1.17906
1.09597
1.29799
1.0128
1.26777
1.19256
1.1283
1.1414
1.0921
1.47106
1.31955
1.12909
1.1494
1.05629
1.05446
1.12918
1.2118
1.1844
1.15955
1.28073
1.16046
1.32774
1.30563
1.2731
1.25509
1.25953
1.2165
1.25087
1.16682
1.13858
1.04797
1.07722
1.13059
1.24861
1.38284
1.36393
1.02054
1.18266
1.20013
0.803212
1.0382
1.19685
0.882647
1.04889
1.04792
0.930922
1.27415
1.02541
1.17965
0.992565
0.979729
1.21811
1.0476
0.975216
0.969802
0.935394
1.01967
1.06284
1.20955
1.18814
0.98669
1.06192
1.18619
1.04226
1.15376
1.25596
1.10359
1.07793
1.03908
1.15583
1.23996
1.31069
1.19314
1.21041
1.17314
1.2254
1.23387
1.13795
1.18259
1.22845
0.989425
1.09128
1.04106
1.15466
1.19774
1.39936
0.78692
1.29166
1.02018
1.34926
1.34006
1.31597
1.294
1.03733
1.16611
0.870289
1.06004
1.0873
1.21854
1.17392
0.949278
0.979203
1.29105
1.33469
1.09739
1.06286
1.02948
0.900797
1.08969
1.1434
1.17875
0.913802
1.26812
1.16685
