1.41403
1.46404
1.49154
1.35052
1.31721
1.43285
1.31355
1.67913
1.57778
1.87532
1.78409
1.87173
1.29701
1.76225
2.05338
1.42691
1.67456
1.43936
1.57529
1.54837
1.43583
1.43557
1.50598
1.84204
1.95023
1.86526
2.1492
1.94594
2.02679
2.03517
1.81778
2.03271
1.93714
2.20539
2.13594
1.7367
1.87878
1.95115
1.41044
1.96454
2.1171
1.53112
2.01844
1.99805
1.82995
1.96169
1.68928
1.53743
1.63777
2.04664
1.67344
1.63787
1.59479
1.59823
1.5955
1.81909
1.96292
1.90597
1.95774
1.90742
1.84673
2.17911
2.16991
2.06765
1.99646
2.07965
2.05347
2.43661
1.95758
1.75379
2.10283
2.1366
2.3468
2.17249
2.31149
2.14022
2.30924
2.00642
2.26353
2.05037
2.33417
2.28544
2.33183
2.28117
2.36117
2.40206
2.2353
1.95046
2.15966
2.2268
2.33168
2.13866
2.20735
2.18263
1.82549
2.15126
2.05842
2.05251
1.89187
1.74588
1.96106
1.98675
1.83841
1.82808
1.81096
1.4535
1.5741
2.14498
1.63573
1.50141
1.84723
1.31608
2.0472
1.9254
2.01062
1.77246
1.80857
1.47103
1.42001
1.25056
1.14147
1.37176
1.41238
1.65327
1.69978
1.31312
1.50203
1.50586
1.73308
1.82691
1.43369
1.68382
1.78582
1.57538
1.564
1.61427
1.83912
1.48308
1.81472
1.73015
1.77081
1.65066
1.74678
2.15241
1.88517
1.80063
1.66452
2.0871
2.26331
2.0193
2.13692
1.33337
1.22888
1.55833
1.56633
1.62355
1.60757
1.47089
1.65712
1.60621
2.35517
2.15149
1.37664
1.60473
1.80443
1.79421
1.51058
1.84967
2.34491
2.5503
2.22821
1.5809
1.71984
1.77348
1.70021
1.48791
1.84855
1.51361
2.19141
2.01016
