1.25891
1.52112
1.92566
1.27538
1.7345
1.57339
1.64031
1.85945
1.61127
1.57574
1.30294
1.55156
1.91046
1.48901
1.53869
1.91347
1.61723
1.63832
1.7344
1.82252
1.87586
2.32891
1.27867
0.764769
1.36218
1.3644
1.29624
1.30107
1.36171
1.49221
1.30049
1.53052
0.928279
1.19068
1.05206
1.9615
1.74042
1.43581
1.90534
2.00147
1.46386
1.41591
1.85517
1.80206
1.49293
2.05273
2.22988
1.87468
2.19709
1.86463
1.66876
1.7632
1.59029
1.74689
1.62953
1.49162
1.344
1.47916
1.12812
1.43186
1.45185
1.38515
1.54713
1.47214
1.35639
1.27663
1.46916
1.53179
1.38476
1.20344
1.23291
1.56507
1.50756
1.31543
1.34221
1.12375
1.52155
1.74883
1.57961
1.28384
1.25332
1.27507
1.38377
1.39556
1.31032
1.26274
1.22384
1.74328
1.52569
1.78572
1.72566
1.34452
1.5917
1.19252
1.59524
1.47871
1.6342
1.55554
1.36175
1.46937
1.75541
1.71109
0.773204
1.41935
1.86244
0.70644
0.776858
1.41103
0.593661
1.02249
0.865569
0.853307
1.12174
1.17503
1.16712
1.09547
1.67149
1.38678
0.882819
1.05431
0.794799
1.18199
0.968076
0.604855
0.959554
1.11329
0.873286
1.03799
1.5771
1.07715
1.14219
1.25363
1.24835
1.61577
1.46449
1.35026
1.32562
1.8732
1.52925
1.39564
1.4045
2.11304
1.79193
1.29918
1.61462
1.83397
1.39046
1.58105
1.40799
1.65883
2.2029
2.34131
1.09574
1.3206
0.961579
1.50905
1.37798
1.32119
1.31519
1.04587
1.16709
1.16721
1.21232
1.67685
1.25925
1.20562
0.75129
1.03015
1.35929
1.63553
1.29547
1.04998
0.719266
0.761364
0.640471
0.910319
1.07626
0.831085
1.26584
1.29676
