2.07771
2.38232
1.68595
2.26913
2.67064
3.17156
3.58266
1.76126
1.9103
1.68981
1.91339
1.74301
3.2511
1.69377
1.90929
3.81594
4.02892
2.54507
2.97344
3.87197
3.51432
3.18262
2.80201
1.60361
3.7344
1.7267
1.78285
2.3398
1.81097
1.69964
1.59944
1.6901
1.74584
1.60761
1.73712
2.0059
1.61998
1.65024
1.74927
1.67583
1.55445
2.01347
1.63633
1.39808
1.80105
3.14266
2.62518
2.8034
2.52206
3.17142
2.05499
1.92339
1.88495
1.93782
1.6768
1.72259
1.52152
2.35294
2.32489
1.71565
1.68958
2.01549
1.67227
1.57648
1.64694
2.53499
1.62274
1.51789
1.82002
1.52613
1.53391
1.51177
1.81335
2.27199
2.72722
2.12083
2.58923
1.85668
1.77907
1.74427
1.80809
2.1097
1.63959
1.61467
1.72749
1.57079
1.49563
1.888
1.81099
1.74556
2.71064
2.1187
2.70649
2.08317
1.67112
1.62648
1.80848
1.6067
2.08955
1.99357
1.72906
1.88768
2.03343
1.72661
2.02842
1.95291
1.88744
2.01783
1.92223
2.5093
1.91604
2.04538
2.1752
2.04542
2.36525
1.71397
1.80075
2.58789
1.88278
2.40516
1.62373
4.41322
2.56945
1.70403
2.2497
1.55381
1.94308
2.0862
1.91802
3.30889
3.42209
3.45088
4.28412
5.31378
4.13787
3.32232
4.57246
3.10154
2.74917
2.74106
2.74683
1.77604
4.18878
2.04042
1.84305
2.18124
1.90958
2.76979
2.90197
3.82411
3.39598
2.6763
1.51009
2.22359
2.07223
3.52233
3.35735
3.98439
4.19145
1.61921
1.79731
1.70863
1.77555
2.12179
1.92726
2.33204
2.0591
2.44481
1.96752
1.70494
2.10249
6.33008
1.7597
1.57665
2.45924
1.96977
3.93672
2.02132
2.36211
3.10065
