1.549
1.81531
1.88348
1.35742
1.05778
1.28246
1.71549
2.30627
2.57128
2.17314
2.2281
1.92718
1.01035
2.58685
3.152
0.953856
1.7918
1.94388
1.27098
1.33499
1.1934
1.37302
1.62441
2.62331
2.30244
1.89083
3.05914
2.24063
2.96516
3.16549
2.66185
2.75269
2.76109
2.74584
3.0358
3.10482
3.21752
2.96146
2.58974
2.76775
2.7992
2.56869
2.37358
1.97487
2.73528
2.64536
2.65428
2.76265
2.96816
2.56369
2.12569
2.5084
2.48533
1.95409
2.07088
1.72162
2.68615
2.63594
2.90594
2.85302
2.72851
2.87529
2.58492
2.88826
2.94338
2.3887
2.19667
2.44237
2.66636
2.01024
2.3757
2.48082
2.4784
2.00848
2.30752
2.18516
2.40972
2.10576
2.23092
2.46744
2.56864
2.40452
2.6284
2.65435
2.70749
2.93323
2.61692
2.90768
2.68358
2.54285
2.44847
2.10547
2.38378
2.05317
2.42928
2.33789
2.13952
1.88124
2.1676
2.3647
2.62122
2.82984
2.85597
2.9726
2.77273
2.04885
2.31483
2.56749
2.2748
1.67301
2.27901
1.92127
2.50556
2.43576
2.69577
2.10721
2.32011
1.4533
1.88989
1.33165
2.16746
1.41412
2.11237
2.64153
2.11674
1.7417
1.67263
2.29636
2.17018
1.99742
1.86502
1.93153
2.03926
2.07976
1.67692
2.29195
1.8432
1.89388
2.31672
1.86775
1.7852
2.38409
1.612
2.11578
2.24476
1.85382
2.24469
2.13767
2.01009
2.26267
1.88957
1.31549
1.31075
1.75777
1.56188
1.77364
1.91589
1.11112
1.40266
1.55196
3.11042
2.93163
1.8087
2.69911
2.95092
1.86645
2.03956
2.71424
2.5424
2.74654
2.33861
1.853
2.82539
2.60006
2.41946
2.07885
1.99274
1.94082
3.12463
2.67021
