1.23182
2.01282
1.6301
1.21875
1.12252
1.19988
1.55413
1.96729
2.08332
1.88829
1.91155
1.86762
1.13288
2.49456
2.67517
1.12123
1.50555
1.72313
1.33393
1.16167
1.47913
1.19596
1.90264
2.08667
2.21591
1.7707
2.67196
2.27949
2.6301
2.73509
2.28009
2.68074
2.75282
2.80361
2.7915
2.86882
2.76762
2.83033
2.54973
2.8111
2.65663
2.38286
2.28976
1.94405
2.43032
2.08274
2.10339
2.55238
2.28528
2.34738
2.00074
1.99125
1.96326
1.83072
1.74814
1.69654
2.5557
2.71317
2.6473
2.58799
2.43089
2.64481
2.43828
2.57788
2.76962
2.26589
2.02099
2.18385
2.44723
1.9101
2.07376
2.30091
2.32776
1.96931
2.03983
2.05802
2.25821
2.07107
2.41441
2.2884
2.42577
2.26171
2.62244
2.53608
2.76242
2.57029
2.38654
2.68968
2.5704
2.64055
2.39544
2.63298
2.59523
2.26712
2.54117
2.17233
2.0361
2.09356
2.21803
2.37358
2.38216
2.34786
2.03434
2.48534
2.38311
1.89182
1.91592
2.41051
2.08052
1.72506
1.99583
2.10959
2.35582
2.15954
2.17827
1.95605
2.20404
1.36383
1.60575
1.32241
1.77542
1.17061
1.73194
2.06197
2.04286
1.45188
1.64184
1.81818
2.04313
1.97422
1.4598
1.79334
1.76972
1.59799
1.49513
1.78665
1.79028
1.69575
2.04406
1.95051
2.09089
2.23882
1.79804
2.29939
2.62386
1.8568
2.0517
2.13767
2.31368
2.10167
2.14786
1.49089
1.34262
1.4137
1.4579
1.70798
1.81631
1.35861
1.42751
1.45413
2.78704
2.86152
1.59943
2.15089
2.47721
1.90053
1.83256
1.89658
2.43703
2.57517
2.17572
1.38622
2.15733
2.04896
2.03763
1.80624
1.77026
1.63971
2.72751
2.61738
