1.28276
1.66997
1.26334
1.34587
1.42893
1.38556
1.12252
1.01298
1.04735
1.05469
1.00031
1.04149
1.43989
1.09181
1.32815
1.54128
1.32213
1.23931
1.23082
1.61182
1.49795
1.47221
1.67855
1.04523
1.10369
1.122
1.165
1.13038
1.28927
1.13963
1.14692
1.17727
1.12525
1.1126
1.02953
0.991663
1.03845
1.05857
1.10741
1.03291
1.05703
1.02261
1.06105
0.928541
1.31656
1.37555
1.09333
1.12691
1.17043
1.17774
1.13886
1.01255
0.999165
0.981276
1.01416
1.06089
1.19575
1.28833
1.22015
1.25545
1.10917
1.1281
1.12332
1.11641
1.13397
1.4645
1.13907
1.18274
1.3086
1.07479
1.35043
1.28281
1.24193
1.14126
1.389
1.4021
1.53826
1.18362
1.14299
1.07247
1.21976
1.41067
1.32003
1.19976
1.24117
1.28247
1.33704
1.45629
1.27546
1.42627
1.49598
1.58757
1.48588
1.35927
1.16219
1.04709
1.11642
1.01145
1.30077
1.20398
1.16174
1.15193
1.08063
1.03725
1.26806
1.06878
1.29079
1.10652
1.09273
1.26046
1.11803
1.18036
1.11127
1.09476
1.11605
1.04418
0.992446
1.33411
1.45415
1.35922
1.14381
1.24373
1.35014
0.97836
1.28247
1.30334
1.27271
1.31587
1.24808
1.32034
1.3727
1.39608
1.37747
1.42304
1.53416
1.20587
1.30684
1.30173
1.17511
1.15478
1.317
1.22887
1.40432
1.14921
1.20095
1.30693
1.29191
1.24748
1.30183
1.29067
1.40108
1.5784
1.08026
1.2438
1.11395
1.60721
1.48214
1.35796
1.56401
1.23612
1.11023
1.09434
1.29264
1.0741
1.07283
1.2281
1.11388
1.08056
1.18485
1.24893
1.37388
1.43744
1.11579
0.868458
1.1558
1.44766
1.4221
1.22596
1.12476
1.0286
