1.20772
1.20429
1.21186
1.22572
1.27594
1.3089
1.17795
1.05845
1.09289
1.08426
1.03008
1.16978
1.55144
1.08317
1.22793
1.53279
1.32149
1.30399
1.18842
1.33858
1.48041
1.44017
1.23484
1.06703
1.25676
1.14343
1.04609
1.22664
1.19241
1.11592
1.0784
1.15197
1.12414
1.08791
1.037
1.15222
0.924549
0.982573
1.08705
1.06846
1.12467
1.06614
1.10396
0.982981
1.15956
1.20106
0.949301
1.22526
1.11757
1.25013
1.03936
1.03229
1.05371
1.08403
0.992203
1.14165
1.18853
1.08867
1.19318
1.19883
1.15186
1.28968
1.20213
1.28633
1.29356
1.1315
1.17478
1.15791
1.35564
1.1363
1.17115
1.39451
1.13526
1.22051
1.24831
1.52749
1.33981
1.21911
1.30502
1.03271
1.18144
1.27184
1.16958
1.21516
1.2697
1.12054
1.12674
1.67888
1.30426
1.41629
1.35429
1.33256
1.44509
1.40757
1.3047
1.00647
1.18064
1.12309
1.09976
1.17701
1.16862
1.17818
1.16073
1.05058
1.12211
1.13708
1.27484
1.21271
1.07453
1.24256
1.17848
1.17442
1.17172
1.12934
1.14857
1.14116
1.09533
1.49236
1.26234
1.11098
1.12284
1.24007
1.32674
1.21367
1.34482
1.32895
1.03337
1.26313
1.22634
1.25117
1.35062
1.42553
1.33106
1.34016
1.34401
1.20402
1.3718
1.39915
1.22237
1.21013
1.16872
1.10498
1.28349
1.1604
1.25705
1.2275
1.10761
1.2501
1.2049
1.2295
1.30055
1.56111
1.07207
1.05157
1.01715
1.24402
1.54336
1.3388
1.28855
1.11512
1.06903
1.04948
1.21727
1.22201
1.15469
1.26411
1.14351
1.10561
1.25304
1.27827
1.36106
1.40908
1.1894
1.05677
1.27416
1.25488
1.41837
1.1677
1.19663
1.17163
