3.40017
4.80422
4.54055
2.74556
3.49427
3.95324
2.53583
3.10424
3.03449
3.42358
4.05802
4.16067
4.76676
1.91004
4.07273
6.94342
5.30643
2.20685
5.04316
4.85479
4.74879
5.0646
5.43806
1.64841
2.89397
3.03991
2.28349
3.95402
4.09429
2.01653
2.06838
1.90979
1.76746
1.84472
1.8899
4.03813
2.90171
2.30602
4.26704
2.03703
1.92406
4.17612
2.22285
4.28316
4.36447
5.11093
4.73837
4.6025
5.83096
4.95443
3.45901
3.64612
2.422
3.93996
3.84765
4.0369
1.85028
1.86927
2.14782
1.94218
2.2356
2.00806
2.26553
1.76602
1.74586
2.82671
3.10221
2.31442
2.10876
3.43791
2.30938
1.89757
2.87558
1.89449
2.36189
1.80908
3.04538
2.77438
2.06121
2.79271
2.03885
3.94973
3.21351
2.24561
2.39678
2.10745
2.59836
2.09463
2.06319
2.06746
2.07169
1.87155
1.87514
1.82522
4.71109
3.38763
2.68702
4.09641
2.36165
1.83095
2.05793
1.84795
1.93381
2.08684
2.0133
1.46173
1.45218
1.64823
1.53731
1.21784
1.59682
1.30598
2.11553
1.28532
1.49401
4.2064
4.28798
1.24383
1.08721
1.19896
1.44041
1.33249
1.71307
2.04866
2.7765
1.38714
1.85226
1.80734
2.99985
2.99392
1.62028
2.48224
3.76238
3.36189
1.66841
2.34209
3.92959
3.12086
3.3036
2.60492
5.67395
4.04885
5.69205
3.99536
4.57493
4.66731
3.14386
3.72533
4.41256
4.33364
4.37001
5.45119
1.87778
2.03044
1.57941
5.01285
3.6978
4.82647
5.58279
2.42209
1.9444
2.03313
1.5508
1.91549
2.20669
1.05529
1.61434
1.52908
1.60312
2.09201
3.36354
2.23781
1.75109
1.99772
3.59363
2.84881
1.90866
1.52838
2.31881
2.53749
