3.68995
2.77396
4.84137
3.23931
4.78133
4.47428
2.51637
2.66314
2.61343
2.75206
2.21322
2.08497
5.66634
2.10931
4.20286
6.577
4.89995
2.03665
3.57154
5.62234
4.27022
2.77043
3.79702
2.06002
2.63705
2.72431
2.53747
2.24478
4.73971
2.51997
2.2138
2.08831
1.98533
2.06242
2.27545
3.25815
2.90084
2.6118
4.2396
2.34629
2.60104
4.09302
2.47439
2.93789
3.41598
4.95935
3.43218
4.26715
5.44124
4.37624
2.80678
3.05171
2.57451
2.71695
2.97988
1.82705
2.01215
1.84771
1.90898
2.13655
3.31005
2.0471
2.42927
2.34191
2.4637
1.71745
2.35243
2.82713
2.00112
2.34717
2.38827
2.53253
2.39601
2.9703
2.53366
1.83736
1.86124
2.30006
2.09832
2.38847
2.26333
2.0174
2.19391
2.09834
2.02463
2.07425
2.37338
2.22537
1.95435
2.67549
2.12483
2.13032
2.39681
1.57704
3.83564
2.55456
2.53238
2.67165
1.86603
2.01728
2.05216
2.1863
2.43669
2.25645
2.24238
1.3293
2.18347
2.05372
1.59343
1.11996
1.31485
1.35802
2.33002
2.16216
1.96268
2.64194
2.81023
1.05301
1.38801
1.45344
1.91807
1.42085
2.90428
2.13451
2.42651
1.55098
1.93395
2.14629
2.0675
2.34295
2.02288
1.91276
2.02341
2.02328
1.90059
2.14502
2.23714
2.25802
2.4224
2.49499
2.76335
4.00316
5.91417
2.75936
4.67259
4.16248
1.97332
3.05602
3.08233
3.26314
3.88575
6.67671
2.05682
2.28512
1.69241
4.52095
2.5127
6.09693
5.08374
2.2418
2.25191
2.45155
1.79455
2.70233
2.53479
1.61088
1.59585
1.93222
2.14995
2.06159
1.91555
1.78661
2.25461
1.92681
2.19422
2.29052
1.92638
1.88545
2.22613
2.14468
