1.57523
1.39517
1.4049
1.52705
1.56652
1.53138
1.4177
1.40494
1.43736
1.34484
1.36234
1.41587
1.6689
1.44595
1.603
1.62735
1.50594
1.4609
1.4075
1.59806
1.91207
1.65716
1.44164
1.28588
1.53689
1.14459
1.62434
1.69737
1.66611
1.57152
1.41909
1.37271
1.63709
1.53625
1.53796
1.66991
1.36508
1.30522
1.46224
1.42957
1.256
1.36554
1.32232
1.09561
1.56101
1.49997
1.34602
1.48771
1.46993
1.5264
1.52125
1.32799
1.22352
1.32884
1.19383
1.72013
1.23859
1.511
1.25635
1.382
1.34193
1.28026
1.22632
1.44976
1.51591
1.75863
1.44622
1.5008
1.24913
1.22225
1.43591
1.30521
1.56463
1.60669
1.81854
1.82593
1.65825
1.45065
1.38299
1.37086
1.61816
1.58509
1.54055
1.57962
1.47919
1.40639
1.44545
1.53644
1.43929
1.45249
1.71605
1.78801
1.7846
1.48731
1.39604
1.29599
1.39403
1.33756
1.54525
1.40954
1.33058
1.23143
1.37447
1.21277
1.37414
1.44038
1.42734
1.43107
1.43528
1.43004
1.4526
1.43492
1.43732
1.43541
1.35648
1.54958
1.39647
1.52801
1.54415
1.42669
1.24424
1.61256
1.53218
1.39028
1.48295
1.70717
1.4751
1.53608
1.417
1.62502
1.48175
1.68695
1.75451
1.95566
1.50306
1.53867
1.67921
1.57924
1.45479
1.38445
1.59396
1.46487
1.71872
1.38123
1.52439
1.46809
1.58006
1.5662
1.55584
1.5203
1.7407
1.62551
1.42681
1.32683
1.46975
1.94644
1.60324
1.7988
1.52466
1.5183
1.48788
1.41176
1.38292
1.2674
1.43062
1.56831
1.35253
1.28007
1.5441
1.43754
1.6027
1.65667
1.30427
1.24448
1.67348
1.58799
1.6618
1.3246
1.26258
1.25996
