1.57555
1.58542
1.51528
1.49577
1.55242
1.47962
1.36889
1.31838
1.4634
1.38368
1.4295
1.45493
1.69116
1.45818
1.54324
1.5908
1.70977
1.48027
1.52311
1.50976
1.6614
1.61672
1.42954
1.32162
1.52807
1.26355
1.50702
1.56638
1.6335
1.60857
1.32358
1.34886
1.50285
1.41686
1.45752
1.45825
1.40158
1.29073
1.3806
1.33971
1.37318
1.38717
1.28066
1.21917
1.4678
1.60727
1.48483
1.60321
1.62155
1.54975
1.40283
1.40716
1.38154
1.33563
1.18705
1.45798
1.28868
1.39134
1.38835
1.38063
1.44368
1.54387
1.40277
1.51509
1.64664
1.67509
1.43211
1.44752
1.53826
1.2107
1.36606
1.50306
1.58114
1.57256
1.65612
1.78944
1.61073
1.48987
1.44205
1.54291
1.60203
1.67833
1.62744
1.44148
1.57351
1.59256
1.36668
1.66099
1.51886
1.63859
1.79298
1.75792
1.80725
1.81128
1.66867
1.37546
1.42044
1.25784
1.43018
1.55446
1.47809
1.26465
1.35471
1.38879
1.45806
1.40062
1.48931
1.42608
1.39662
1.48717
1.49238
1.53604
1.5309
1.37577
1.46184
1.51552
1.4444
1.69858
1.57782
1.44112
1.40893
1.61579
1.44379
1.39756
1.53691
1.49983
1.46262
1.4853
1.50451
1.64316
1.45022
1.5741
1.65158
1.70802
1.60322
1.60776
1.67885
1.47476
1.44845
1.47427
1.53162
1.50925
1.65664
1.43152
1.51226
1.418
1.51891
1.57692
1.59401
1.55599
1.61431
1.81747
1.3885
1.33052
1.41546
1.79623
1.70644
1.59869
1.50674
1.37543
1.46675
1.35234
1.47871
1.35844
1.48044
1.79165
1.39524
1.36682
1.53689
1.57014
1.52986
1.79982
1.39322
1.30322
1.49081
1.47706
1.67354
1.46835
1.50532
1.43441
