1.62856
1.53577
1.63383
1.60532
1.67497
1.58925
1.44084
1.34135
1.33298
1.41003
1.38244
1.40542
1.56842
1.45681
1.57076
1.50924
1.5178
1.45503
1.49821
1.52682
1.58855
1.67915
1.52998
1.36197
1.57624
1.3673
1.47287
1.48392
1.57973
1.53132
1.43125
1.44077
1.31564
1.43416
1.33675
1.52012
1.519
1.40695
1.4759
1.40751
1.3572
1.54933
1.35729
1.32661
1.51023
1.6509
1.58557
1.48493
1.56458
1.47966
1.47525
1.51055
1.25188
1.4002
1.40237
1.45587
1.50083
1.57054
1.45829
1.3788
1.60725
1.43168
1.44612
1.61273
1.68752
1.59884
1.46045
1.43932
1.52588
1.42853
1.61101
1.65889
1.52656
1.62021
1.6598
1.6363
1.65064
1.52456
1.46509
1.39874
1.62172
1.67454
1.56837
1.61578
1.6174
1.71814
1.62887
1.77545
1.6586
1.77897
1.6759
1.68255
1.75323
1.5914
1.33211
1.38393
1.37857
1.4246
1.53954
1.51822
1.34904
1.27805
1.41481
1.38213
1.42234
1.52288
1.64005
1.43687
1.38607
1.60785
1.39221
1.53623
1.46793
1.38431
1.424
1.51548
1.44546
1.86692
1.74195
1.52219
1.40007
1.8677
1.81629
1.63135
1.53659
1.56328
1.43222
1.68458
1.36818
1.53968
1.90758
1.82615
1.60275
1.65352
1.69415
1.68753
1.55953
1.6075
1.42749
1.50164
1.5011
1.48992
1.62072
1.46002
1.4414
1.54548
1.45947
1.5135
1.5384
1.52967
1.65721
1.78597
1.40606
1.38708
1.46176
1.57575
1.61426
1.58557
1.6099
1.42498
1.31783
1.39832
1.38775
1.66977
1.57457
1.70156
1.54221
1.43007
1.51254
1.67303
1.59677
1.70561
1.46261
1.54202
1.62476
1.59082
1.60999
1.60189
1.49031
1.47983
