1.74298
1.73999
1.75956
1.79207
1.67665
1.69679
1.70894
1.49
1.59553
1.4942
1.71647
1.71727
1.67391
1.73875
1.7355
1.753
1.73143
1.80332
2.08519
1.64093
2.03546
1.766
1.78397
1.61975
1.77853
1.39917
1.69345
1.67139
1.59833
1.66252
1.69021
1.69081
1.64648
1.69372
1.57116
1.42309
1.56896
1.58215
1.3928
1.65485
1.51956
1.42337
1.6248
1.33834
1.51961
1.65653
1.45709
1.67422
1.52065
1.59402
1.54778
1.55702
1.54339
1.50683
1.40546
1.62172
1.66155
1.73035
1.6711
1.62467
1.57422
1.68197
1.51622
1.57917
1.67179
1.70915
1.65211
1.54087
1.51657
1.43534
1.60259
1.69324
1.62227
1.61759
1.72138
1.82459
1.59452
1.66947
1.70366
1.63651
1.66756
1.66148
1.61417
1.60621
1.62016
1.51498
1.57866
1.75813
1.68356
1.6815
1.79198
1.69741
1.91521
1.69811
1.66179
1.51075
1.61967
1.47913
1.59765
1.5174
1.58942
1.49178
1.8364
1.54233
1.5197
1.52464
1.57724
1.56529
1.48123
1.73847
1.475
1.62494
1.64716
1.41307
1.50057
1.60682
1.56796
1.83397
1.63712
1.5749
1.49419
2.09702
1.74485
1.59532
1.7658
1.55989
1.69342
1.70133
1.62566
1.68093
1.79438
1.71641
1.70968
1.79438
1.78813
1.70833
1.88975
1.93706
1.70387
1.69492
1.74285
1.67781
2.02636
1.70529
1.59319
1.84771
1.49351
1.61063
1.66162
1.68331
1.77082
1.66909
1.50803
1.71638
1.56491
1.91693
1.73522
2.0061
1.87797
1.56556
1.59977
1.5734
1.64125
1.42895
1.39996
2.12094
1.51541
1.44996
1.58666
1.57488
1.7096
1.88867
1.67138
1.49338
1.7322
1.80084
1.65074
1.60125
1.53526
1.5276
