1.90352
1.67201
2.10648
1.81632
1.9585
1.8086
1.67725
1.75027
1.85382
1.69136
1.78836
1.78474
2.32012
1.74494
1.95439
2.18619
1.90805
1.69653
1.8569
1.78896
1.80075
1.97306
1.77618
1.58022
1.94574
1.50373
1.81595
1.88207
1.84423
1.80237
1.70591
1.70248
1.69281
1.63322
1.7334
1.85198
1.66924
1.70627
1.89119
1.70385
1.47793
1.81381
1.6326
1.70381
1.86755
2.31062
2.09006
2.20923
2.34125
1.96091
1.76543
1.83759
1.66648
1.73264
1.64387
1.74976
1.61517
1.63138
1.42222
1.62007
1.52649
1.66557
1.63167
1.63257
1.7253
1.67839
1.72233
1.76364
1.68471
1.54815
1.62648
1.76273
1.75034
1.80705
1.86249
1.73738
1.90831
1.67239
1.69128
1.6752
1.72136
1.88237
1.85134
1.76835
1.81576
1.75405
1.58737
2.04362
2.02761
1.91667
1.8476
1.61223
1.92247
1.68978
1.82025
1.64553
1.71043
1.65943
1.82674
1.73593
1.58101
1.52806
1.40194
1.61972
1.67157
1.4071
1.50173
1.60969
1.32484
1.55154
1.48172
1.48496
1.71391
1.58983
1.70495
1.7835
1.81146
2.90727
1.83003
1.9508
1.49899
2.18725
1.58818
1.48626
1.54219
1.85276
1.65315
1.60436
1.67964
1.6658
1.84114
1.79484
1.72994
2.13672
1.88819
1.75082
1.76404
1.81886
1.739
1.83385
1.74927
1.95703
2.07002
1.71686
1.98235
1.85084
1.71485
1.93669
1.94563
1.94579
2.268
2.51017
1.64193
1.51179
1.67894
1.7197
1.89462
1.9118
1.75181
1.55536
1.66488
1.6754
1.60849
1.80022
1.5285
1.71263
1.46201
1.56474
1.65065
1.89896
1.96074
1.91484
1.45296
1.68886
1.52363
1.62182
1.78193
1.58001
1.6732
1.73695
