1.83498
1.78704
1.72813
1.82792
1.87328
1.81653
1.81206
1.52773
1.74678
1.44143
1.59932
1.50954
1.88243
1.65541
1.83291
1.6901
1.7867
1.67587
1.72377
1.79268
2.14644
1.97202
1.85656
1.57532
1.61084
1.36386
1.61186
1.69188
1.72875
1.67491
1.60873
1.46813
1.76644
1.71378
1.69425
1.84307
1.71835
1.54107
1.53317
1.62685
1.58608
1.42604
1.57307
1.31096
1.65178
1.56725
1.52886
1.65489
1.48257
1.63699
1.57175
1.57401
1.54228
1.37351
1.37663
1.68192
1.70346
1.94926
1.68936
1.51032
1.51909
1.59774
1.66683
1.59811
1.76188
1.65998
1.60292
1.55803
1.58961
1.47091
1.65289
1.74853
1.64335
1.64473
1.64982
1.64258
1.77748
1.66589
1.43169
1.37961
1.47128
1.80849
1.50494
1.58549
1.69533
1.64907
1.48477
1.97429
1.77814
1.82353
1.71528
1.69994
2.00671
1.86379
1.75606
1.46078
1.49028
1.44464
1.67355
1.603
1.47979
1.51657
1.64908
1.5148
1.63478
1.74895
1.65662
1.51695
1.79634
1.91953
1.64217
1.82367
1.51962
1.46091
1.49332
1.64683
1.57411
1.95733
1.73836
2.06658
1.44777
2.10957
1.68758
1.621
1.76847
1.88853
1.68552
1.72916
1.63875
1.76371
2.08671
1.82466
1.91207
2.03582
1.78264
1.67006
1.82798
1.62698
1.66096
1.68336
1.62564
1.66752
1.82108
1.71842
1.7595
1.78993
1.57772
1.64445
1.68374
1.72664
1.78598
1.77302
1.3135
1.53144
1.85053
1.92752
1.75947
1.75951
1.94387
1.29081
1.64452
1.62899
1.68274
1.41143
1.64601
1.91288
1.70556
1.43298
1.62182
1.80068
1.8181
2.19608
1.78143
1.51044
1.74254
1.67335
1.65015
1.94986
1.48012
1.50355
