2.02917
1.71151
1.75268
2.00628
2.06052
1.83781
1.72566
1.71329
1.76376
1.58297
1.55611
1.70313
1.8467
1.83227
1.84966
2.04309
1.88852
1.62223
1.79949
1.89302
1.87343
1.95818
1.89932
1.38972
1.83749
1.47377
1.50342
1.78713
1.70451
1.63099
1.67303
1.65763
1.73283
1.56122
1.56947
1.68015
1.64449
1.68285
1.42671
1.64675
1.48541
1.61614
1.55356
1.43337
1.58848
1.79919
1.70063
1.60096
1.53216
1.92287
1.68028
1.74391
1.72867
1.52117
1.41396
1.72731
1.63897
1.60633
1.72036
1.44685
1.40336
1.58386
1.55084
1.56291
1.54212
1.76245
1.74198
1.69945
1.60908
1.56347
1.70748
1.70047
1.64881
1.59439
1.75188
1.77142
1.83577
1.62097
1.45317
1.52216
1.53155
1.76837
1.62114
1.71868
1.58181
1.75679
1.57742
1.55506
1.74463
1.84105
1.94338
2.11231
2.10506
1.84795
1.65203
1.5068
1.3908
1.56634
1.8424
1.85169
1.74739
1.57071
1.51393
1.63288
1.88524
1.66281
1.49285
1.51783
1.64611
2.16296
1.54053
2.09961
1.67586
1.62672
1.7254
1.9477
1.81606
2.62692
1.92186
1.95919
1.30539
2.47111
1.67274
1.46708
1.65138
1.82792
1.60327
1.62968
1.5252
1.62256
2.00027
1.64425
1.76207
1.80355
1.98764
1.77329
1.71455
1.70544
1.64535
1.66386
1.78192
1.71644
1.92393
1.64422
1.90221
1.81685
1.82229
1.79513
1.80216
1.96444
1.9012
1.80412
1.41896
1.61765
1.74221
1.73123
1.74395
1.76256
1.99313
1.00822
1.57097
1.48095
1.68968
1.4503
1.38889
1.77597
1.57741
1.57372
1.58812
1.64281
1.63469
2.13037
1.51498
1.44795
1.60509
1.53039
1.71974
1.66354
1.55542
1.44816
