1.47139
1.59101
1.44063
1.44748
1.52181
1.51792
1.64472
1.38411
1.5787
1.41267
1.48001
1.56743
1.66163
1.23387
1.36397
1.76496
1.50891
1.60241
1.37593
1.70862
1.53944
1.79773
1.52319
1.14265
1.61421
1.47005
1.29249
1.68628
1.50966
1.3198
1.33972
1.29697
1.48249
1.33471
1.29026
1.48327
1.25481
1.29321
1.57273
1.27887
1.29659
1.63372
1.2845
1.37918
1.51308
1.76427
1.64918
1.75954
1.56154
1.5281
1.63649
1.59755
1.39121
1.42584
1.41357
1.54045
1.32644
1.23542
1.45718
1.31965
1.38956
1.4584
1.40322
1.57788
1.54671
1.56647
1.67119
1.60675
1.60907
1.48749
1.61634
1.70586
1.61302
1.62662
1.71467
1.73173
1.79259
1.51894
1.46446
1.38169
1.55328
1.80731
1.68445
1.72684
1.66151
1.68564
1.67467
1.73637
1.70037
1.82939
1.76209
1.55033
1.78097
1.75076
1.42556
1.28888
1.58634
1.43356
1.59807
1.59731
1.44905
1.33764
1.28016
1.35846
1.5004
1.388
1.37537
1.46424
1.41749
1.48744
1.34949
1.46231
1.52747
1.49579
1.40644
1.56557
1.4665
1.71446
1.72631
1.42071
1.28118
1.67019
1.67629
1.44762
1.57432
1.56789
1.51153
1.48735
1.44532
1.59388
1.54598
1.71019
1.78063
1.76224
1.59411
1.55519
1.59599
1.55816
1.56434
1.46039
1.53028
1.4283
1.68942
1.47618
1.56176
1.60401
1.47282
1.55825
1.59955
1.58939
1.63635
1.67168
1.35419
1.55013
1.44811
1.59556
1.46182
1.61231
1.73656
1.44344
1.32084
1.24668
1.5029
1.35231
1.43679
1.61899
1.38446
1.2998
1.60795
1.67618
1.92285
1.73649
1.27956
1.30264
1.5382
1.45442
1.73351
1.42289
1.41054
1.49783
