1.90637
1.81358
1.88733
1.87709
1.91108
1.86148
1.68537
1.5143
1.6947
1.58778
1.6036
1.65338
2.12255
1.77386
1.82687
1.94615
1.84682
1.65924
1.56366
1.87981
1.90784
1.98835
1.92805
1.63886
1.93212
1.55829
1.64908
1.98824
1.80114
1.70026
1.52694
1.70388
1.69326
1.69855
1.64052
1.57723
1.71684
1.5344
1.55563
1.61613
1.46807
1.72573
1.52324
1.60193
1.73926
1.91709
1.65285
1.64775
1.73664
1.66992
1.77689
1.63811
1.60675
1.56353
1.49863
1.90474
1.67862
1.84227
1.38701
1.47778
1.58947
1.55073
1.54826
1.68046
1.77626
1.81666
1.90928
1.81835
1.60354
1.78412
1.92696
1.82596
1.73793
1.76586
1.83147
1.86796
1.86384
1.71166
1.77772
1.57695
1.79733
1.88676
1.94196
1.91045
1.76599
1.77782
1.9225
1.97384
1.76249
2.08375
1.66701
1.75821
2.11382
1.58292
1.58523
1.52269
1.6953
1.95243
1.66038
1.77973
1.56486
1.3778
1.65613
1.49921
1.672
1.61438
1.46469
1.6116
1.61755
1.86645
1.47352
1.59587
1.67424
1.58735
1.52641
1.67785
1.50966
2.05775
1.6643
2.63593
1.5522
2.1619
1.65027
1.69088
1.807
1.75721
1.92
1.67149
1.66362
1.74995
1.83183
2.05411
1.97529
1.93459
2.02238
1.94873
1.95947
1.79669
1.75902
1.94864
1.99527
1.67786
1.98825
1.68116
1.60814
1.59903
1.95804
1.76315
1.87679
1.80995
1.96948
1.97981
1.5612
1.5612
2.06308
1.90079
1.72041
1.74334
1.95889
1.43659
1.61632
1.48577
1.64557
1.47855
1.39726
1.65706
1.55917
1.47709
1.49227
1.85995
1.82978
1.73673
1.59479
1.56453
1.76443
1.71456
1.96893
1.60443
1.4127
1.44847
