1.85797
1.80326
1.73427
1.84559
1.86364
1.74218
1.70252
1.49172
1.63911
1.61398
1.62456
1.66086
2.00555
1.74086
1.79079
1.92277
1.98351
1.75091
1.58929
1.95411
1.96104
1.79363
2.02533
1.56845
1.84091
1.64289
1.69847
1.70972
1.80556
1.71054
1.60421
1.62179
1.73141
1.75618
1.72879
1.47154
1.41933
1.50174
1.7191
1.36502
1.46199
1.78207
1.61504
1.53126
1.7909
1.81042
1.62122
1.81903
1.96348
1.71981
1.61065
1.5273
1.43676
1.58486
1.4567
1.75559
1.53776
1.53014
1.61488
1.57125
1.40907
1.59895
1.584
1.66399
1.775
1.92413
1.81536
1.79162
1.67887
1.70936
1.64296
1.82444
1.81187
1.75296
1.83014
1.83859
1.98057
1.68814
1.61546
1.90639
1.75464
1.79153
1.91061
1.90055
1.85279
1.83382
1.78107
1.95217
1.84547
2.16401
1.99239
1.74725
1.80635
1.73799
1.81503
1.52731
1.75992
1.54067
1.70013
1.67138
1.60914
1.48589
1.70299
1.5677
1.69695
1.43667
1.51627
1.58695
1.48532
1.71456
1.56794
1.74914
1.61054
1.47209
1.54655
1.46296
1.66026
2.04855
2.03492
2.35426
1.5587
1.80767
1.64447
1.54318
1.71937
1.8974
1.6624
1.67925
1.72574
1.71708
1.67468
1.79701
1.93789
1.82926
1.89134
1.90707
2.02436
1.84388
1.79343
1.89425
1.69636
1.65353
1.84854
1.65674
1.70843
1.63843
1.67809
1.65382
1.76859
1.80151
1.78848
2.04494
1.68975
1.42208
1.88982
1.96463
1.92189
1.75275
1.95715
1.49189
1.83743
1.60323
1.64631
1.32491
1.50482
1.77292
1.40364
1.44321
1.63881
1.69587
1.80046
1.82032
1.72442
1.39078
1.6288
1.69249
1.84022
1.49551
1.51835
1.48602
