1.44636
1.29522
1.53937
1.46724
1.44959
1.42793
1.44883
1.36245
1.40809
1.34669
1.47737
1.42526
1.46403
1.52041
1.48213
1.5109
1.41352
1.42614
1.32648
1.45064
1.61855
1.4919
1.30337
1.29095
1.42985
1.25393
1.42804
1.45797
1.4282
1.36986
1.3839
1.39312
1.50457
1.38139
1.39314
1.51298
1.42865
1.30525
1.44191
1.39334
1.23024
1.36864
1.36058
1.31782
1.4492
1.40524
1.45626
1.45521
1.37166
1.34752
1.4853
1.33439
1.36908
1.38459
1.33238
1.4745
1.29975
1.37003
1.33812
1.30205
1.31331
1.26178
1.33074
1.34345
1.39058
1.56922
1.39476
1.43427
1.37022
1.28782
1.47707
1.37859
1.43261
1.43977
1.48069
1.60323
1.63028
1.34639
1.4294
1.34499
1.53803
1.63069
1.45304
1.48327
1.47277
1.52571
1.39515
1.51893
1.51371
1.83408
1.52769
1.54097
1.72268
1.38778
1.37705
1.32447
1.35631
1.26414
1.29416
1.41595
1.36341
1.38846
1.35851
1.29293
1.34308
1.34037
1.45713
1.42856
1.39373
1.54044
1.43746
1.39334
1.35117
1.412
1.31546
1.28655
1.36453
1.46974
1.60297
1.32235
1.28106
1.35109
1.56297
1.40797
1.4314
1.39105
1.38366
1.42177
1.35037
1.48066
1.50017
1.5169
1.48962
1.69993
1.49754
1.45744
1.40207
1.394
1.37037
1.3594
1.42729
1.44658
1.51679
1.40373
1.34113
1.36597
1.36672
1.46697
1.44008
1.45126
1.51047
1.56605
1.45694
1.36087
1.32751
1.48172
1.42378
1.61831
1.47584
1.30297
1.39633
1.29874
1.38732
1.4378
1.3431
1.45975
1.40511
1.29959
1.40376
1.46296
1.51543
1.70253
1.34106
1.31626
1.50456
1.54646
1.45255
1.44445
1.30585
1.31386
