1.04586
1.31271
1.17871
0.999897
1.05593
1.13055
1.05583
1.50083
1.22494
1.09602
0.973779
1.1154
1.28483
1.29485
1.27118
1.37094
1.31935
1.07717
1.43367
1.28549
1.17613
1.01952
1.23625
1.15517
1.1774
0.909823
1.14842
1.16693
1.04588
1.04496
1.04162
1.15926
1.08355
1.10167
1.03298
1.24158
1.19205
1.0579
0.969223
1.42125
1.20891
0.946852
1.15248
0.833851
0.950624
0.990294
1.01515
1.21528
1.01119
1.2812
1.11554
1.26383
1.29463
1.14853
1.1247
1.19162
1.22808
1.38705
1.14847
1.19368
1.09604
1.18328
1.09583
0.969378
1.01872
1.39683
1.0513
1.33297
0.882734
0.798614
0.850851
0.780796
1.3746
1.19155
1.30542
1.32434
1.16792
1.13616
1.23175
1.19634
1.08604
1.29253
1.09555
0.956109
1.15509
1.17159
0.897023
0.888606
0.922308
1.10107
1.26005
1.35754
1.15922
1.23936
1.2099
1.22215
1.00075
0.936173
1.03188
1.28054
1.36134
1.41626
1.18928
1.31215
1.22478
1.11192
0.947146
1.22796
1.0489
1.08167
1.15968
0.988529
1.0233
1.38745
1.36634
1.19059
1.18519
1.0456
1.08689
1.18042
0.885358
1.05356
1.04307
1.18703
1.06427
1.05471
1.02222
1.05464
1.08055
1.12952
1.05822
1.04436
0.964099
1.06763
1.01818
1.04431
1.10656
1.11612
1.1144
1.27309
1.26862
1.18973
1.18247
1.08474
1.07074
1.20497
1.18532
1.02287
1.10633
1.25726
1.05863
1.03778
0.850725
1.0889
0.96847
1.24533
1.18066
1.28307
1.33914
0.962121
1.06442
1.11334
1.01993
1.13903
1.04472
1.16176
1.20462
1.30341
1.50849
1.15021
1.18516
1.0827
1.17955
1.14192
1.15247
1.01609
1.02868
1.09333
1.10563
0.876533
