0.804287
0.941925
1.33397
0.906822
1.05825
1.12842
1.24725
1.51739
1.22915
1.1112
1.15194
1.05181
1.26557
1.19878
1.13165
1.11368
1.07267
1.08015
1.28869
1.35152
1.03266
0.957431
1.05364
0.997932
1.11357
0.777501
1.01384
1.12367
0.898632
1.01243
1.03012
1.25175
1.09855
1.24897
1.05977
1.51911
1.36331
1.07436
1.00813
1.57651
1.33143
0.809361
1.21938
0.699567
0.973693
0.978995
1.11198
1.14972
0.925234
1.05243
0.965792
1.10584
1.17902
1.15322
1.03424
1.09282
1.30393
1.55092
1.58398
1.48929
1.47155
1.4177
1.32001
1.41807
1.31393
1.37748
0.914959
1.18234
1.19314
0.841512
0.74715
0.891058
1.22286
1.20508
1.17792
1.32644
1.13628
1.06196
1.36956
1.11052
1.38598
1.1712
0.911059
1.00709
0.991972
1.05072
0.831025
1.29686
1.07123
1.01176
1.34422
1.2227
1.39359
1.13511
1.07212
1.12311
1.05827
1.01044
1.26247
1.30942
1.4675
1.61293
1.29147
1.38443
1.34411
0.902537
1.14784
1.39609
1.02087
1.1175
1.15
0.826111
1.17934
1.46306
1.47365
1.09056
1.11722
1.16617
0.911484
1.02571
0.746811
1.14582
0.990637
0.980304
1.10016
1.06888
0.91967
0.942969
1.16304
1.00495
1.17672
0.961406
0.949223
1.21582
1.12988
1.12585
1.08631
1.08308
1.15195
1.26357
1.28106
1.11589
1.08839
1.01171
1.05419
1.16862
1.05635
1.07726
1.04776
1.067
0.979084
1.2773
0.891473
1.11178
0.853175
1.06145
1.12656
1.30379
1.24348
0.895299
0.991903
1.04462
1.06024
1.61498
1.53889
1.1658
1.03293
1.34781
1.56995
1.06156
1.08109
1.01843
1.30769
1.16848
0.909862
1.11506
0.900347
1.18693
1.36204
1.74831
