1.34169
2.42034
1.4864
1.33845
1.32992
1.55977
1.90757
1.52412
1.59823
1.51385
1.7111
1.85627
1.49698
1.8921
2.07542
1.87284
2.36505
2.04299
1.94994
2.18478
1.58653
1.70083
2.1539
1.83124
2.07473
1.61439
2.14312
2.02338
1.87543
2.11134
1.90875
1.99163
2.02997
1.90363
1.98981
1.90283
2.03986
1.96985
1.69416
1.85809
1.83613
1.77809
1.64796
1.80679
1.9119
1.54534
1.98889
2.57482
2.02787
2.20213
1.69307
1.88326
1.66857
1.4679
1.39319
1.27663
1.86153
1.94781
1.88922
1.8982
1.76198
1.96742
1.80131
1.96141
1.88021
1.81626
2.00313
1.85433
1.72014
1.54844
1.83004
1.66731
1.98679
1.73826
1.75463
1.53654
1.90276
1.58111
1.62875
1.87842
1.90841
1.8671
2.08478
2.16807
1.94983
2.07818
1.83012
1.89857
2.13679
1.86533
1.80097
1.8141
1.95562
1.52889
2.39156
1.74168
1.83722
1.72798
1.67045
1.70715
1.89951
1.99126
1.92377
1.96512
1.99968
1.57765
1.74576
1.88227
1.59932
1.47817
1.68064
1.54873
1.72962
1.85706
1.87378
1.69361
1.96053
1.30277
1.51286
1.45284
1.35465
1.35945
1.71013
1.91183
1.78136
1.62915
1.55275
1.78982
2.16935
2.06952
1.63074
1.87314
1.98331
2.00225
1.72901
2.06219
1.87389
2.00496
2.32301
2.47134
2.42352
1.94652
1.99176
2.04549
2.3376
2.17679
1.835
1.93145
2.1159
2.34235
2.1092
1.61309
1.34088
1.54762
1.57113
1.92524
2.13492
1.94767
2.10281
1.45284
2.38759
1.95072
1.7114
1.6779
1.79402
1.8345
1.74921
1.80574
1.81903
1.86943
1.73758
1.81046
1.82218
1.74369
1.85781
1.92249
2.0288
1.76827
1.98869
1.90387
