1.23728
1.96715
1.79369
1.36879
1.2963
1.48619
1.69818
1.65594
1.64588
1.46011
1.63123
1.42287
1.48552
1.69142
1.949
1.95841
2.41047
1.84179
2.0699
1.58206
1.44685
1.58589
1.82447
1.81951
1.78
1.31276
2.18138
2.01516
2.24973
2.09206
1.92025
1.8786
1.93019
1.80177
1.97616
1.86611
2.09806
1.99161
1.8303
1.78039
1.93008
1.96498
1.5092
1.5764
1.85157
1.74025
2.01887
2.09988
2.15435
2.00458
1.60351
1.93562
1.70616
1.61366
1.68209
1.44963
1.83741
1.65127
1.76776
1.72437
1.78983
1.84934
1.52865
1.85347
1.74766
1.73415
1.51411
1.71771
1.69439
1.40511
1.7026
1.67497
1.7723
1.621
1.67761
1.67031
1.86801
1.52634
1.56366
1.82339
1.55929
1.7921
1.71934
1.89932
1.75578
1.92093
1.60913
1.57774
2.01923
1.78231
1.91633
1.87461
1.8437
1.73889
2.08177
1.64744
1.66694
1.5874
1.553
1.6884
1.81382
1.85121
1.93743
1.81556
1.90616
1.56941
1.72823
1.70568
1.70684
1.59333
1.57575
1.54715
1.66709
1.78245
1.72622
1.56642
1.84416
1.36708
1.44621
1.36604
1.43843
1.43304
1.60846
1.76926
1.75461
1.60433
1.47315
1.65582
1.9621
1.90337
1.63353
1.78481
1.75745
1.91617
1.78189
2.09896
1.73024
1.71204
2.00185
2.05087
1.94811
2.00859
1.76986
1.7862
1.90172
2.08061
1.74735
1.59755
1.70955
1.80255
1.62874
2.06374
1.40539
1.60347
1.43812
1.49314
1.851
1.69869
1.7451
1.45627
1.96933
1.97897
1.70131
1.60451
1.76183
1.79497
1.63955
1.95481
1.69078
1.92422
1.82834
1.75568
1.9767
1.84782
1.68858
1.78679
1.81793
1.49653
1.65957
1.69488
