1.50264
1.73554
1.90734
1.35275
1.02982
1.18996
1.23287
1.80224
1.8956
1.75449
2.46295
2.35816
1.05861
2.43002
2.30901
1.24471
1.89062
1.44526
1.24159
1.11623
1.42273
1.51363
1.74585
2.35911
3.063
1.60651
2.90739
2.87791
2.2765
2.70742
2.15217
2.40679
2.62344
2.45498
2.66481
1.82989
2.56164
2.39415
1.7849
2.49829
1.72168
2.24113
2.12017
1.47856
2.1644
2.03564
2.08998
2.26946
1.76127
1.81626
1.5657
1.95505
1.97939
1.65821
1.51361
1.89553
1.93562
2.11863
2.04945
2.15002
2.25221
2.23498
2.1662
2.10351
2.18508
2.52162
2.15854
2.28399
2.26949
1.82231
2.25637
2.08162
2.59583
2.65066
2.62277
2.33655
2.48367
2.40168
2.3664
2.47156
2.46978
2.31311
2.44052
2.16312
2.21609
2.25874
2.02101
2.28611
2.28105
2.52113
2.60521
2.29706
2.24962
1.84178
2.68454
2.12584
2.18429
1.94508
2.14489
2.1538
2.69229
2.05147
2.56457
2.54576
2.45229
1.63407
2.17868
2.44362
1.74826
1.6203
2.04131
1.96829
2.19128
1.95575
2.07375
2.1612
2.48575
1.26134
1.85492
1.45057
1.32067
1.23897
2.32665
2.35322
2.57039
1.43262
1.57012
2.37145
2.66963
2.58285
1.95901
2.04582
2.0193
2.08187
1.69492
2.02303
1.93626
1.64324
2.65027
2.32573
1.9727
2.19524
1.79436
2.54392
2.40362
1.91277
2.14205
2.53862
2.36664
2.45336
2.22261
1.43278
1.062
1.64807
1.44509
1.41468
1.70618
1.25486
1.21349
1.27413
3.21976
2.58609
1.33421
1.86458
1.8676
1.72476
1.82396
1.77924
2.44873
2.34714
2.26442
1.63599
2.76591
2.07986
2.43019
2.28133
1.81624
1.86888
2.36649
2.18948
