1.55959
1.77076
1.83647
1.6387
1.63421
1.63267
1.76121
1.4462
1.53397
1.49162
1.54857
1.59231
1.73452
1.73793
1.93659
1.9352
2.0298
1.77555
1.76425
1.82908
1.54676
1.66018
1.69199
1.49847
1.72118
1.36823
1.86503
1.64564
1.87484
1.80737
1.63604
1.74422
1.70583
1.685
1.77213
1.70768
1.69706
1.70666
1.50675
1.58965
1.41556
1.61745
1.38539
1.50374
1.83098
1.77482
1.67528
2.30039
2.01286
1.96697
1.59137
1.63443
1.48233
1.45519
1.43139
1.34486
1.47837
1.57842
1.44836
1.5204
1.38107
1.4123
1.51375
1.44372
1.40959
1.51546
1.63992
1.51496
1.2948
1.31881
1.44468
1.30881
1.6513
1.55148
1.60832
1.59392
1.65676
1.47205
1.5685
1.56056
1.69252
1.6866
1.67399
1.64569
1.60925
1.46419
1.40186
1.44737
1.59511
1.42507
1.45985
1.50104
1.65892
1.48122
2.22211
1.5491
1.60473
1.57307
1.44175
1.43733
1.44059
1.31886
1.43703
1.51348
1.61443
1.49071
1.48642
1.48654
1.42598
1.45794
1.39836
1.44279
1.47407
1.48707
1.42273
1.63225
1.80542
1.91638
1.76948
2.33084
1.3926
2.04471
1.46505
1.64903
1.68833
1.65504
1.71185
1.60655
1.75745
1.8263
1.57994
1.75391
1.68528
1.88792
1.69815
1.66084
1.6904
1.72381
1.67166
1.83863
1.91375
1.77361
1.68943
1.78365
1.8756
1.93189
1.59812
1.66318
1.77009
1.83387
1.85801
1.78486
1.53625
1.46217
1.83511
1.65385
1.74939
1.79931
1.6989
1.48095
1.83605
1.74127
1.58205
1.56295
1.342
1.64216
1.50221
1.33847
1.47928
1.46225
1.6094
1.72084
1.54218
1.45777
1.65683
1.64129
1.78968
1.53233
1.48399
1.35911
