1.65553
1.69412
1.89745
1.66694
1.69845
1.61829
1.69657
1.49299
1.5043
1.46386
1.51246
1.37997
1.8799
1.52914
1.761
2.12371
2.01588
1.67154
1.94803
1.68898
1.68978
1.64601
1.66496
1.50747
1.59517
1.2768
1.81406
1.68365
1.90429
1.71061
1.59806
1.56914
1.64391
1.57477
1.68068
1.66339
1.77075
1.58855
1.80008
1.57158
1.50235
2.31934
1.49777
1.44177
2.00284
1.8771
1.89545
1.82433
2.5449
1.90929
1.51105
1.71789
1.47211
1.61258
1.55867
1.33078
1.48302
1.42243
1.4142
1.36416
1.36198
1.47993
1.40009
1.3442
1.43628
1.51816
1.5171
1.4948
1.39511
1.272
1.44943
1.37023
1.53882
1.50404
1.47896
1.58409
1.44035
1.41813
1.4753
1.45864
1.45415
1.55712
1.56221
1.53468
1.49656
1.4941
1.31274
1.41458
1.52617
1.42488
1.51095
1.68026
1.63346
1.47566
1.76076
1.54425
1.6121
1.48324
1.41578
1.48019
1.46819
1.33182
1.47756
1.45616
1.58908
1.39177
1.49932
1.36106
1.41046
1.42748
1.40696
1.37165
1.54856
1.49486
1.46489
1.5072
1.62506
1.71844
1.68217
1.92107
1.46324
1.89088
1.50707
1.56544
1.55183
1.71563
1.70065
1.56969
1.65567
1.6996
1.56232
1.7778
1.65887
1.82129
1.79754
1.91958
1.75624
1.74349
1.67332
1.77143
1.78412
1.74249
1.66409
1.69098
1.96355
1.87179
1.58045
1.47728
1.7273
1.75237
1.69851
2.01465
1.59881
1.58081
1.67773
1.53278
1.7611
1.77721
1.66975
1.53452
1.69744
1.69918
1.62684
1.38175
1.44056
1.7054
1.45441
1.41344
1.47951
1.50017
1.58341
1.82139
1.56099
1.51825
1.49886
1.69077
1.67954
1.40691
1.37847
1.31874
