1.89282
1.68762
1.8571
1.85589
1.68583
1.64975
1.64635
1.7088
1.77813
1.67824
1.6832
1.68999
1.69529
1.55807
1.54565
1.65769
1.73885
1.63443
1.63442
1.71691
1.66953
1.72191
1.74707
1.65636
1.7193
1.62743
1.61369
1.63937
1.81016
1.62926
1.53704
1.58213
1.82274
1.65771
1.56139
1.93301
1.49747
1.49298
1.84329
1.44212
1.35299
1.7135
1.4388
1.64332
1.70213
1.74034
1.68999
1.76371
1.72357
1.63366
1.66196
1.59434
1.72578
1.7643
1.74146
1.5983
1.4948
1.61427
1.43745
1.41003
1.35199
1.43923
1.49417
1.42771
1.52578
1.77726
1.73024
1.72158
1.52342
1.62939
1.74461
1.66874
1.70603
1.67901
1.66059
1.66712
1.81306
1.6236
1.57474
1.56721
1.72828
1.77985
1.78437
1.66714
1.662
1.67366
1.61608
1.68298
1.67616
1.82227
1.72306
1.60376
1.79182
1.5923
1.70214
1.59184
1.65128
1.71271
1.53916
1.47912
1.64625
1.47574
1.71928
1.56054
1.53121
1.32015
1.60012
1.49259
1.42807
1.46403
1.67921
1.55447
1.49577
1.56139
1.5145
1.69602
1.70126
1.41955
1.87853
1.65559
1.64599
1.47332
1.55599
1.59644
1.6619
1.45625
1.67223
1.6197
1.63832
1.74422
1.63126
1.68955
1.60631
1.6679
1.51098
1.66402
1.64101
1.68202
1.61287
1.67758
1.71565
1.603
1.67619
1.73967
1.73805
1.67674
1.56603
1.63176
1.72533
1.68814
1.71188
1.8071
1.62143
1.76678
1.61622
1.62204
1.70384
1.58069
1.50984
1.63222
1.50641
1.55859
1.51866
1.41366
1.31617
1.55657
1.40088
1.43808
1.57113
1.70701
1.74409
1.57905
1.71779
1.42868
1.65498
1.60645
1.66124
1.56963
1.39856
1.29647
