1.80864
1.64803
1.83105
1.82241
1.77702
1.752
1.58125
1.75808
1.82057
1.67603
1.79233
1.73111
1.85155
1.5592
1.54185
1.64235
1.61283
1.57271
1.54883
1.58308
1.60183
1.57436
1.68512
1.68525
1.5838
1.72487
1.65299
1.54705
1.71811
1.62
1.41267
1.54331
1.64816
1.5569
1.51138
1.75779
1.64229
1.51565
1.76103
1.52197
1.34788
1.66459
1.61428
1.75569
1.79095
1.67055
1.63364
1.7815
1.76404
1.67303
1.67591
1.68764
1.71054
1.60632
2.02398
1.63343
1.43559
1.32957
1.40405
1.45255
1.34409
1.43168
1.55592
1.49494
1.50034
1.77861
1.72515
1.7123
1.54872
1.72413
1.76968
1.74372
1.39856
1.54623
1.43169
1.6798
1.79901
1.49023
1.2564
1.38583
1.53217
1.69652
1.54807
1.75145
1.82847
1.65331
1.75807
1.77546
1.69498
1.8107
1.66976
1.58786
1.57334
1.36746
1.53214
1.6175
1.74385
1.74305
1.35413
1.36057
1.44615
1.4669
1.67483
1.60999
1.67642
1.47708
1.57209
1.46824
1.43779
1.45468
1.42822
1.30895
1.47024
1.51384
1.454
1.67397
1.63089
1.45057
1.58607
1.53956
1.50378
1.42546
1.5181
1.64057
1.55431
1.50991
1.5937
1.55192
1.63463
1.63778
1.63678
1.75866
1.63102
1.71615
1.60332
1.61691
1.62647
1.63456
1.6562
1.64115
1.58454
1.45697
1.60372
1.66841
1.63847
1.5829
1.55292
1.61629
1.72547
1.64823
1.58287
1.66329
1.52234
1.56981
1.40786
1.63484
1.68452
1.53999
1.55446
1.50643
1.5711
1.63675
1.42956
1.37841
1.31159
1.57878
1.69995
1.44952
1.47596
1.73848
1.79913
1.56605
1.68301
1.72091
1.65231
1.61547
1.66888
1.58269
1.45366
1.1355
