2.186
2.16149
1.60949
1.93325
2.32066
2.05563
1.45263
2.05335
1.92571
1.94627
2.05675
2.23083
2.09574
1.7968
2.19571
1.26473
1.98221
1.4553
1.98709
2.36405
1.41859
1.34414
2.00787
1.99825
1.89536
1.90144
1.93378
1.96319
2.00442
2.24511
1.75279
2.06744
1.75773
2.2735
2.12222
1.92706
1.93576
2.08676
1.71792
2.20521
2.58251
1.79293
2.34462
1.7816
1.96237
1.98331
1.66768
2.09401
1.73094
2.17467
1.86471
2.00702
2.26292
2.28754
1.9394
1.77398
2.36903
2.22872
2.41971
2.7993
2.31756
2.88897
3.07209
2.12335
2.12194
2.63413
2.05186
2.20788
2.72779
2.35015
2.29173
1.9821
2.56489
2.52812
2.76371
2.892
2.59659
2.01047
2.10543
1.99758
2.03332
2.22485
2.17602
2.2328
2.17235
2.22396
1.80277
2.17874
2.43407
2.2816
3.04152
3.62051
3.05497
2.52049
2.1775
2.27567
1.87971
1.81247
2.33532
2.19384
1.93541
1.99829
1.74568
2.02231
1.94072
1.75611
1.33575
2.44798
2.06045
1.81973
2.06006
1.99192
2.60128
2.00192
2.23876
1.71265
1.88833
1.08265
1.17702
1.21174
1.09102
0.819594
1.36084
1.80176
1.51417
1.22486
0.924966
1.6443
1.93467
1.56484
1.04061
1.95473
1.49718
1.60238
1.15065
1.71414
1.62366
1.46238
1.86327
1.77507
1.84787
1.89696
1.77428
1.73906
1.55893
2.20286
1.58231
1.64859
1.72296
1.79223
1.62334
0.998368
1.05409
1.15697
1.0189
1.67044
1.34198
1.98018
1.8851
0.993245
2.30166
2.2852
1.18656
2.52571
2.30546
3.66809
1.53378
2.14913
2.76466
2.35752
2.7427
0.886544
1.87529
2.00184
1.85543
1.61832
1.77762
1.26875
2.89314
2.54801
