2.34168
1.93551
2.00833
2.17038
1.91951
1.94321
1.74296
1.77753
1.85146
1.85429
2.06939
1.91131
1.67084
1.96434
1.97614
1.74203
1.84133
1.69027
1.89631
1.64249
2.23693
1.87953
1.89255
1.85272
1.93987
1.37563
2.08333
1.78041
1.82859
2.0831
1.96073
1.8426
1.93448
1.84437
1.79493
1.65907
1.9473
1.84415
1.41286
1.91975
1.74205
1.44742
1.66853
1.37571
1.63566
1.77631
1.64217
1.77182
1.52019
1.80344
1.83404
1.72674
1.87518
1.80804
1.44666
1.83724
1.74693
1.86918
1.75014
1.71023
1.52268
1.57659
1.5284
1.46089
1.68585
1.74762
1.80689
1.68587
1.49083
1.41999
1.63783
1.70472
1.87727
1.59566
1.7315
1.90669
1.73258
1.70784
1.75816
1.80201
1.89512
1.68964
1.87555
1.66337
1.79218
1.70922
1.5807
1.74251
1.67666
1.72455
1.84849
1.58313
1.87617
1.70192
1.84947
1.7281
1.876
1.77133
1.6292
1.68768
1.9144
1.79239
1.76727
1.91261
1.8769
1.41285
1.41871
1.61922
1.4149
1.22731
1.45842
1.37584
1.60577
1.38806
1.48938
1.70146
1.73229
1.29872
1.26959
1.23814
1.66257
1.5656
1.58944
1.75236
1.8521
1.40612
1.492
1.59376
1.73518
1.6866
1.54471
1.48717
1.71399
1.61258
1.52482
1.61313
1.92501
1.89322
1.72454
1.8632
1.77641
1.86527
1.95722
1.78769
1.73265
1.8516
1.67096
1.74258
1.74127
1.78968
1.89535
1.63073
1.50412
1.80305
1.41797
2.0788
2.01412
1.96111
1.7796
1.66036
2.02325
1.86656
1.62747
1.38653
1.46338
1.87504
1.3781
1.49757
1.58265
1.73963
1.85086
1.73466
1.74357
1.85571
1.84622
1.66802
1.57949
1.29562
1.63012
1.5133
