2.39617
3.09613
3.47858
2.2521
2.76411
2.82348
1.77982
2.56248
2.49045
2.78992
2.85176
3.22918
3.85983
1.34713
3.01512
4.74929
3.54565
1.72283
3.02828
3.56027
3.42429
3.42625
3.78307
1.7176
2.56843
2.60671
1.60384
3.5084
3.04774
1.47305
1.43788
1.39289
1.38398
1.40509
1.38513
3.30736
2.16359
1.39567
3.50897
1.57163
1.30892
3.25561
1.66951
3.15643
3.22083
3.86773
3.83485
3.31929
4.11528
3.33513
3.07063
2.92515
2.08195
3.19176
3.02907
3.36153
1.36634
1.29668
1.49934
1.24936
1.58895
1.44169
1.66766
1.46227
1.48402
2.36731
2.18258
1.70466
1.63612
2.56491
1.75604
1.54033
2.05484
1.65762
2.12642
2.02624
2.81555
2.3815
1.52741
2.00126
1.5557
3.3294
2.62888
1.87696
1.84277
1.56632
1.91003
1.82102
1.71744
1.64387
1.70398
1.83637
1.6815
1.95304
3.14654
2.30445
1.98169
3.15169
2.17397
1.49055
1.33085
1.38952
1.5405
1.45089
1.44395
1.45518
1.37028
1.4892
1.68845
1.50608
1.72027
1.43608
1.71057
0.96798
1.13539
3.58503
3.0434
1.44225
1.49442
1.32884
1.32719
1.57777
1.54926
1.79513
2.31522
1.5514
1.37162
1.68978
2.69206
2.89709
1.80051
2.55089
3.21627
3.11196
1.59247
1.90006
3.2469
2.15002
3.01591
1.69011
3.98115
2.69491
4.09242
2.98332
3.43739
2.98547
2.33365
3.3505
4.02905
3.80554
3.70962
4.11023
1.38263
1.34186
1.30273
3.95904
2.36529
3.4221
3.89195
1.37276
1.37647
1.32961
1.24003
1.48654
1.64577
1.88308
1.59002
1.32562
1.39991
1.65819
2.82137
2.26317
1.65129
1.69463
3.11382
2.7602
1.96884
1.40636
1.60464
1.80347
