0.803303
1.01495
1.01605
0.843135
0.806095
0.955104
1.23905
1.50345
1.18632
1.35904
1.30358
1.35895
0.931485
0.993271
1.07298
1.16576
1.12884
0.970048
1.10615
0.909812
1.08482
0.949565
1.19078
1.35341
1.12009
1.11869
1.10734
1.29553
1.08789
1.06338
0.913574
1.09491
1.26552
1.38183
1.07507
1.09356
1.12543
1.12838
1.14121
1.40702
1.19665
1.12306
1.23689
1.20726
0.973508
0.998861
1.13513
1.13257
0.936507
1.03427
1.31324
1.26402
1.37602
1.51716
1.25384
1.36698
1.32434
1.24894
1.19603
1.29975
1.36558
1.13997
1.26392
1.20959
1.26166
1.39978
1.32477
1.61705
1.12927
1.14735
1.42662
1.01738
1.46001
1.2278
1.18318
1.37728
1.27864
1.35351
1.51325
1.36938
1.50707
1.45655
1.31954
1.33986
1.1867
1.29743
1.21752
1.16159
1.5147
1.13427
1.3387
1.51989
1.14401
1.34517
1.22523
1.4229
1.13688
1.27975
1.22739
1.23437
1.30858
1.51044
1.29316
1.34762
1.44924
1.07697
1.26131
1.28529
1.10571
1.13279
1.17648
0.952991
1.11656
1.45042
1.39668
1.06754
1.22212
1.17102
1.11137
1.18073
0.291924
1.11754
1.03206
1.17334
1.11217
0.931278
1.05623
1.12228
1.19258
1.03886
1.26474
1.0758
1.00426
1.0992
1.06493
1.08324
1.04191
1.04248
1.16717
0.980328
1.15662
0.854104
1.00912
1.05917
1.0801
0.97252
1.02086
1.14596
1.12462
1.13663
1.00903
1.2046
0.847646
1.20755
0.824015
1.18264
0.967135
0.933392
0.884771
1.00783
1.11357
1.13299
1.00235
1.0188
1.29634
1.13989
1.07062
1.38041
1.27416
1.39712
1.36932
1.13196
1.40069
1.05597
1.21987
1.11054
1.02429
1.19782
1.14706
1.21772
