2.28078
2.4504
1.90439
2.06653
1.92311
2.14469
2.03359
2.17348
2.39202
2.26199
2.75565
2.53142
1.89341
2.06334
2.47469
1.90212
2.30094
2.55528
2.041
2.64892
3.02754
2.81824
2.70644
2.14981
2.02357
2.11917
2.48003
2.48605
2.57862
2.60484
2.68564
2.34413
2.68673
2.5721
2.59357
2.65948
2.69947
2.48456
2.27087
2.55654
2.28657
2.3367
2.36099
1.83228
2.10213
2.50339
2.72423
2.85761
2.76946
2.55341
2.79239
2.70297
2.17294
1.99033
1.99535
2.49612
2.05288
1.7842
2.0845
2.34581
2.51356
2.59847
2.50371
2.89793
2.71854
3.09096
2.8349
2.77298
2.59897
2.44034
2.62566
3.20926
3.06631
2.61363
2.89494
3.08187
3.41654
2.13719
2.73092
2.61519
2.68076
3.03337
2.87897
2.64626
3.48138
2.77078
2.75898
2.68235
3.316
3.21601
3.11936
2.85807
2.82777
2.2993
2.46917
1.9744
2.61334
2.33341
2.36673
2.39594
2.33901
2.54632
1.98962
2.46929
2.54854
1.56533
2.23964
2.3329
1.7525
1.60294
2.05769
1.74324
2.29378
1.89655
2.05207
2.38573
2.30894
1.27471
1.1365
1.17171
1.84637
1.42397
1.90854
1.98088
2.55759
1.40273
1.48372
2.33104
2.4465
2.2849
1.70603
2.37328
2.32516
2.31787
2.12076
2.33247
2.56276
2.79248
2.60725
2.4752
2.07902
2.48618
2.59314
2.12151
2.428
2.40522
2.35018
2.71342
2.64252
2.66894
2.67348
2.0933
1.47399
1.5727
1.3883
2.94453
2.74996
2.4603
2.58994
0.746038
2.65544
2.53175
2.05945
1.97689
2.29333
2.35118
1.71373
2.1437
2.42987
3.22492
3.58123
2.08871
2.14533
1.96875
2.52615
2.33205
2.30676
1.85708
2.4851
2.27324
