3.37637
3.2712
2.74506
3.24939
3.5682
3.13123
2.61416
2.2974
2.64564
2.16236
2.5694
2.38821
3.09079
2.23364
2.8377
3.33288
2.94489
2.67433
3.14377
3.76415
4.83981
4.50802
3.46168
2.833
2.72266
2.07143
2.70574
2.65739
2.60548
2.60402
2.52713
2.36011
2.41736
2.61926
2.5014
2.52209
2.877
2.66426
2.41645
2.52954
2.26636
2.42835
2.17002
1.95637
2.43963
2.46158
2.752
3.26849
2.2465
2.9142
3.02178
2.81525
2.60345
2.11275
1.90038
2.78414
2.0319
1.85162
2.07943
2.45916
2.47275
2.72612
2.35172
2.59583
2.91213
3.04321
2.4118
2.57372
2.63552
2.22748
2.66688
3.21238
2.89601
2.36426
2.51339
2.60182
3.16215
2.4356
2.58939
2.64097
2.83318
2.98971
2.92699
2.67083
3.11778
2.58317
2.6217
2.75477
3.11426
3.15946
2.91137
2.48008
2.40037
2.35215
3.08522
2.07805
2.00128
2.36884
2.58624
2.75786
2.68615
2.48969
1.68175
2.59298
2.63669
1.44592
2.07026
2.17214
1.69314
1.36897
2.11014
1.81731
2.22094
1.93324
2.30231
2.23013
2.57043
1.19542
1.14064
1.261
1.58182
1.3555
1.89871
2.62415
2.64794
1.57773
1.84121
2.16635
2.42284
2.44342
1.72387
2.40104
2.72794
2.32491
2.18052
2.58234
3.02966
3.22729
2.52698
2.68024
2.64184
2.96902
3.01159
2.48298
2.67138
3.06561
2.36135
2.59063
2.59984
2.94424
2.7263
2.76707
1.67464
1.85934
1.56115
3.82888
3.65339
3.08856
3.76289
1.69686
2.45131
2.56281
2.13182
1.91158
2.32838
1.97188
1.49833
2.12917
2.38639
3.19348
3.05128
1.67389
2.16357
2.5711
2.69184
2.22357
2.61984
1.54795
2.45612
2.27084
