1.46224
1.35316
1.41249
1.38461
1.46114
1.42373
1.40784
1.21677
1.26824
1.21253
1.2744
1.32203
1.55184
1.29362
1.38343
1.50859
1.38945
1.33955
1.28989
1.32011
1.39941
1.41691
1.39508
1.14581
1.32557
1.24224
1.31064
1.38164
1.48515
1.29207
1.23233
1.3569
1.25633
1.27152
1.20469
1.28517
1.27341
1.27708
1.36067
1.26861
1.2589
1.35693
1.21026
1.1966
1.39122
1.46447
1.36115
1.48019
1.59883
1.35388
1.25388
1.32657
1.19388
1.13522
1.16048
1.32003
1.32644
1.27744
1.29229
1.168
1.14501
1.30671
1.30658
1.31535
1.4234
1.31465
1.33021
1.27545
1.29201
1.2621
1.38512
1.45825
1.3775
1.36268
1.44425
1.62322
1.45828
1.40438
1.35745
1.21338
1.36856
1.47393
1.42616
1.33506
1.45166
1.36785
1.4235
1.46213
1.43302
1.63433
1.44686
1.31722
1.59686
1.32173
1.33244
1.25993
1.23663
1.19212
1.32966
1.33122
1.25006
1.14725
1.21153
1.30193
1.36754
1.15356
1.24296
1.22938
1.17078
1.28068
1.25556
1.15082
1.25927
1.16939
1.16189
1.29443
1.27099
1.4323
1.44533
1.29835
1.2275
1.40669
1.3759
1.23841
1.40773
1.34805
1.3412
1.29468
1.32565
1.44008
1.44979
1.54078
1.45663
1.54954
1.39331
1.32716
1.39434
1.35925
1.32091
1.38731
1.49017
1.34699
1.50429
1.31211
1.42749
1.33411
1.41068
1.37627
1.38091
1.43638
1.42253
1.50503
1.2112
1.27666
1.30542
1.42162
1.46392
1.41003
1.45362
1.24427
1.27225
1.2997
1.28535
1.259
1.21926
1.51077
1.20266
1.20459
1.26773
1.46383
1.47296
1.45695
1.15531
1.25428
1.31713
1.37144
1.41532
1.2866
1.27071
1.08674
