1.21284
1.35142
1.38973
1.26566
1.37487
1.43069
1.44797
1.36364
1.09645
1.13482
1.18296
1.11141
1.40507
1.03995
1.08008
1.51102
1.33666
1.26787
1.41204
1.39475
1.53712
1.50314
1.3612
0.956339
1.20404
0.839855
0.975881
1.27564
0.849854
0.967697
1.19907
1.07741
1.22811
1.06974
0.958426
1.42578
1.34232
0.90615
0.973733
1.44175
0.927586
1.15337
1.17121
1.04828
1.2224
1.11345
1.27
1.41624
1.22577
1.29114
1.30618
1.08953
1.17171
1.03929
0.899895
1.1939
1.22099
0.883044
0.958851
1.05996
1.30361
1.08695
1.17965
1.07686
1.20345
1.39893
0.986309
1.11779
1.1888
0.876346
0.942175
1.05111
1.28519
1.34506
1.26609
1.1101
1.27346
1.25737
1.42902
1.4809
1.50334
1.4165
1.14815
1.09058
1.30816
1.21294
1.17615
1.13954
1.27868
1.32979
1.30655
1.30654
1.20822
0.988561
1.2594
1.16689
1.14489
1.03401
1.21994
1.3582
1.48114
1.61157
0.972333
1.37757
1.47056
1.01224
0.88524
1.28838
0.993538
1.12052
1.10046
0.957991
1.17579
1.53545
1.49771
1.14319
1.10368
1.20843
1.15517
0.937947
1.02203
1.09447
0.865299
0.952973
1.13689
1.01954
0.994722
0.960893
1.30064
1.10663
1.10316
1.08617
1.26921
1.32965
1.39607
1.37377
1.08093
1.28418
1.2392
1.14115
1.19852
1.22369
1.40739
1.02097
1.11735
1.52408
1.34837
1.20635
1.14513
1.36472
1.42875
1.33802
0.945637
1.13701
0.916936
1.28176
1.4185
1.59944
1.52459
0.733816
1.12981
0.85554
1.20691
1.04629
1.05537
1.1871
1.0024
1.57765
1.19619
1.2537
1.26838
1.25068
0.992188
1.10959
1.08785
0.930125
1.32867
0.826123
0.950354
0.952129
