3.20476
2.43263
2.8238
3.06499
2.71239
2.42334
2.27555
2.54014
2.59091
2.79798
2.78532
2.6106
2.95767
2.65049
3.06107
2.78674
2.78178
2.09288
2.74281
2.68993
2.18101
2.37006
2.63403
2.6276
2.42084
2.56645
2.99949
2.77579
2.81561
3.01851
2.69652
2.90512
2.96639
2.81671
2.84645
2.98332
2.80608
2.59697
2.7883
2.68626
2.4797
2.70191
2.81133
2.31221
2.91688
2.57164
2.65601
2.54608
2.59734
2.38572
2.45988
2.53504
2.55145
2.44828
2.52346
2.30371
2.40303
2.25475
2.11469
2.87186
2.46302
2.73533
2.64817
2.80125
2.66054
2.42065
2.67571
2.85873
2.48704
2.50508
2.70113
2.30737
2.6494
2.48576
2.41831
2.36344
2.3814
2.55085
2.65402
2.85348
2.77404
2.86711
2.71971
2.70952
2.61593
2.72517
2.6868
2.49946
2.73376
2.49555
2.6581
2.56168
2.66221
2.20328
2.55446
2.53151
2.44028
2.48414
2.27658
2.2842
2.41122
2.42725
2.48135
2.57662
2.3921
1.779
1.93968
2.4994
2.14229
1.59343
2.44223
1.74502
2.46291
2.37018
2.34766
2.47207
2.62517
1.40279
1.47518
1.26695
1.78654
1.64276
1.90137
2.64314
2.51182
1.56167
1.88176
2.30047
2.73148
2.42155
1.7969
2.05175
2.25937
2.34544
1.96454
2.35161
2.28886
2.43093
2.7651
2.6732
2.55542
2.76173
2.13812
2.59335
2.54796
2.7338
2.37631
2.27139
2.56108
2.62282
2.48776
2.28304
1.8021
2.07853
1.77844
2.19301
2.32935
2.29963
2.4528
1.93806
2.97696
2.72288
1.96409
2.10903
2.30453
2.01905
2.11699
2.21528
2.60779
2.55311
2.45998
2.19958
2.37682
2.87249
2.44566
2.31128
2.45455
2.11082
2.77739
2.30957
