3.09839
2.85041
2.44099
2.97354
2.70947
2.63273
2.68354
2.49345
2.56835
2.57167
3.25004
3.01177
2.8776
2.62789
2.74782
2.57862
2.67787
2.3509
2.76544
2.63227
2.39158
2.43669
2.4724
2.53306
2.42368
2.46591
2.79097
2.60647
2.72637
2.90674
2.54803
2.64648
2.71771
2.85098
2.72805
2.45123
2.59702
2.57582
2.17151
2.52533
2.49851
2.37604
2.61777
2.21204
2.32964
2.32124
2.39722
2.70219
2.3892
2.33062
2.24424
2.56693
2.64506
2.32739
2.18709
2.5238
2.46228
2.45262
2.69569
2.64045
2.42786
2.77378
2.70291
2.83683
2.7992
2.72912
2.79319
2.81157
2.65952
2.36854
2.65813
2.32883
2.99
2.84371
2.67466
2.4196
2.61198
2.75115
2.96332
2.99097
2.78611
2.75304
2.84848
2.95382
2.74663
2.94101
2.55137
2.50887
2.79246
2.49589
2.77153
2.62235
2.78202
2.46045
2.77231
2.65263
2.85035
2.20874
2.58157
2.47247
2.52865
2.4937
2.29155
2.59838
2.4924
1.85621
2.39877
2.71299
2.10597
1.68249
2.39034
2.01412
2.65622
2.46099
2.49426
2.38628
2.54491
1.72153
1.55273
1.25771
1.95233
1.67885
2.06236
2.57151
2.67386
1.73356
2.04213
2.42657
2.84875
2.52081
2.05875
2.27901
2.2293
2.395
2.09456
2.34754
2.14546
2.32367
2.7286
2.32719
2.49713
2.41345
2.29359
2.64625
2.30327
2.39213
2.39352
2.35132
2.49103
2.44126
2.47848
2.14481
2.30694
2.38652
1.83093
2.34722
2.58232
2.50132
2.36813
2.18951
2.85553
2.6774
2.06868
2.35368
2.3882
1.89592
1.9088
2.18815
2.93956
2.9378
2.45363
2.07184
2.62669
2.63969
2.58878
2.38586
2.4006
2.18272
2.66533
2.46854
