1.71296
1.78317
1.68232
1.60034
1.73143
1.79252
1.57202
1.64829
1.70421
1.57555
1.87548
1.90027
1.89731
1.86531
2.03957
1.49394
1.78158
1.51962
0.996673
1.30743
1.61578
1.92355
1.50835
1.85876
1.8388
1.53636
1.79988
1.9443
1.78298
2.16228
1.91504
1.63399
2.19634
2.03112
1.88458
1.72512
1.92913
1.55271
1.5218
1.67726
1.56962
1.5665
1.37716
1.71847
1.72627
1.93389
1.68658
1.76657
1.83873
1.53089
1.67862
1.65128
1.75905
1.68845
1.63933
1.85758
1.80368
2.07342
1.39109
1.37974
1.78461
1.45203
1.55941
2.02192
1.7977
1.93195
2.07137
2.35329
1.53908
1.98543
2.40562
2.10713
2.19289
1.79008
1.95705
1.76312
1.95422
1.74057
1.68085
1.95697
1.99893
2.35415
2.2693
2.12668
1.87875
2.45762
2.5202
2.05514
2.39821
2.47042
1.99516
1.60683
1.9461
1.26278
1.45964
1.83727
1.62011
1.989
1.63317
1.65295
1.72758
1.85963
1.53803
2.03821
1.5628
1.21516
0.98931
1.75127
1.33724
1.49008
1.36407
1.31076
1.32849
1.79785
1.65998
1.41128
1.56529
1.31433
1.20187
1.33897
1.42244
1.37426
1.37689
1.50869
1.71097
1.25035
1.22551
1.63897
1.72032
1.6463
1.59456
1.95861
1.78427
1.7081
1.55107
1.52624
1.61633
1.44567
2.07209
1.93669
1.72667
1.76451
1.6463
1.64629
1.57398
1.00092
1.61476
1.712
1.93518
2.05718
1.95646
1.57368
1.10514
1.3281
1.39647
1.49992
1.5139
1.07681
1.19164
1.16708
2.12324
1.5146
1.34998
1.13008
1.34992
1.10745
1.26869
1.58626
1.41266
2.29068
2.25953
1.45174
1.36564
2.05498
1.53495
1.43293
1.69085
1.09606
1.33107
1.3695
