1.51244
1.71052
1.60964
1.55408
1.60977
1.7113
1.5965
1.50537
1.32355
1.62659
1.61787
1.68124
1.62555
1.72876
2.1369
1.63733
1.75291
1.63519
1.34203
1.3795
1.66867
1.82245
1.70169
1.30712
1.728
1.44779
1.63751
1.49322
1.85243
1.96488
1.98343
1.82724
2.13274
2.12131
1.60002
1.63366
1.59884
1.6108
1.34582
1.67283
1.65426
1.30348
1.49504
1.47936
1.39647
1.72388
1.38727
1.59702
1.91399
1.66948
1.41664
1.27258
1.28338
1.47044
1.38829
1.65352
1.83392
1.96105
1.92592
1.87418
1.95365
1.80941
1.64817
1.98539
2.05931
1.9735
1.85371
1.94628
1.81471
1.67253
1.79393
2.13217
1.71291
1.66265
1.8122
1.6761
2.26769
1.58405
1.54299
1.81183
1.67729
2.06771
1.97775
1.83089
2.26819
1.94
2.00784
2.09701
2.12261
2.3235
1.98007
1.75441
1.70878
1.58869
1.83054
1.63116
1.8803
1.65765
1.67137
1.78276
1.74194
2.02523
1.27113
1.93205
1.81596
1.14067
1.16846
1.8735
1.21683
1.19218
1.3772
1.39328
1.53916
1.82126
1.7923
1.31888
1.46847
1.37193
1.29037
1.2517
1.18822
1.27086
1.14663
1.37939
1.71142
1.28184
1.17823
1.42885
1.84897
1.58442
1.49137
1.51255
1.74087
1.52894
1.462
1.81012
1.67203
1.5591
1.62925
1.3023
1.78183
1.83726
1.65341
1.30581
1.33979
1.02528
1.57689
1.50109
1.56944
1.95367
1.71859
1.79145
1.26402
1.33128
0.989334
1.41085
1.25958
1.13545
1.69919
1.40997
1.78533
1.78988
1.30985
1.4566
1.94199
1.42028
0.989634
1.52929
1.69935
2.23466
1.94032
1.47156
1.42755
1.18575
1.57249
1.2744
1.74855
1.11276
1.87463
1.84464
