2.04659
1.71716
2.1181
1.9822
2.28149
2.0973
1.91387
1.58707
1.84959
1.53802
1.74269
1.57306
2.16102
1.75146
1.9435
2.03414
1.86146
2.02257
1.73547
2.05201
2.07121
2.19589
1.6906
1.66322
2.05536
1.67656
1.75016
1.92989
1.91059
1.75265
1.81741
1.73977
1.96265
1.74245
1.76512
1.7721
1.6783
1.6764
1.72782
1.56172
1.58378
1.77276
1.57348
1.51248
1.94095
2.14914
1.71608
1.79056
2.15053
1.97871
1.88573
1.68959
1.7345
1.65457
1.50865
1.91846
1.71818
1.78184
1.6638
1.56132
1.88391
1.6641
1.80246
2.0746
2.20103
2.30206
1.81411
1.76531
1.87918
1.87715
1.96279
1.98398
1.82781
1.78748
2.03387
2.38345
2.45331
1.76366
1.83097
1.61872
1.77811
2.06011
1.90703
1.92518
2.28162
1.90701
1.89259
2.23938
2.1525
2.18472
2.19904
2.18655
2.48688
1.98315
1.74272
1.53788
1.71591
1.58071
1.83224
1.78577
1.73274
1.72203
1.6747
1.75278
1.68934
1.70429
2.05595
1.71576
1.74115
1.93625
1.75799
1.90214
1.67603
1.66828
1.54632
1.80537
1.78034
2.32861
1.87889
2.80583
1.86971
2.34669
2.31934
1.93037
1.85843
1.842
2.82557
1.95808
1.83094
2.02761
2.36186
2.25167
2.20855
2.36501
2.49384
2.16271
2.20348
1.97459
1.85183
2.15624
2.05601
1.90704
2.14543
1.91576
1.83723
1.83009
1.69353
1.94616
1.99822
2.01703
2.07751
2.21631
1.72524
2.03807
2.21127
2.01994
1.87536
2.03943
1.83474
2.02192
1.71094
1.82754
2.13597
1.89705
2.15012
2.08137
1.74856
1.55225
1.8741
2.00304
2.14242
2.80017
1.97235
1.7703
1.94932
2.14376
2.07361
2.03102
1.6004
1.62406
