1.0658
1.40162
0.958392
1.23146
1.33245
1.331
1.25357
1.38915
0.982605
1.22177
1.31629
1.14193
1.24198
1.37776
1.40815
1.8192
1.2233
1.17083
1.24572
1.34623
1.587
1.3389
1.25146
1.00743
1.147
1.01497
1.41643
1.24759
1.03779
1.01253
1.16824
1.26923
1.09306
1.44915
0.972667
1.49687
1.44843
1.09238
1.11621
1.60876
1.15273
1.071
1.50453
1.00396
0.940621
0.918782
1.24979
1.11573
0.681468
0.930165
1.29495
1.00943
1.08757
1.36561
1.06916
1.33347
1.25933
1.30864
1.1649
1.23039
1.35258
1.63312
1.38921
1.55965
1.52551
1.27395
1.16593
1.16241
1.51495
1.04092
1.24013
1.48073
1.34839
1.29071
1.49103
1.60202
1.66286
1.21663
1.21129
1.18105
1.30724
1.53883
1.58325
1.67756
1.70277
1.5197
1.05031
1.49201
1.67308
1.73062
1.54744
1.36492
1.6166
1.02219
0.939027
1.125
1.06634
1.07195
1.41615
1.35832
1.36686
1.55279
1.10227
1.5438
1.36567
1.04356
1.21975
1.3974
0.94327
1.0984
1.08196
1.13112
1.15355
1.51263
1.42224
1.03334
0.997494
1.46272
1.11508
0.980917
0.995664
1.19024
1.13558
1.17106
1.16222
1.04832
1.24633
1.14275
1.39142
1.21616
1.10372
1.20341
1.23746
1.31752
0.924587
1.22949
1.1484
1.34866
1.27725
1.24876
1.04197
1.24526
1.39464
0.975971
1.10195
1.15482
1.11426
1.28483
1.12373
1.17429
1.29401
1.07157
1.0531
1.15282
0.951117
1.53991
1.22516
1.4839
1.16227
1.11034
1.14246
0.895043
1.01449
1.05743
1.17703
0.954977
1.06188
1.42787
1.49373
1.80607
1.65897
1.20829
1.14979
1.29049
1.02413
1.11565
1.23931
1.06912
1.48202
1.45072
