1.50222
2.35244
1.27765
1.44297
1.75879
1.66315
1.53404
1.3788
1.51987
1.36083
1.41755
1.55579
1.83554
1.54495
1.42388
1.77811
1.78385
1.60089
1.7146
1.82659
1.79056
1.97314
2.20478
1.29344
1.54775
1.14119
1.26122
1.88668
1.40214
1.23565
1.36138
1.34424
1.27126
1.45806
1.46741
1.31136
1.33994
1.51538
1.24048
1.2308
1.08376
1.4968
0.920602
1.14081
1.43123
1.64048
1.62759
1.68365
1.65449
1.92959
1.70399
1.49281
1.42268
1.50315
1.16068
1.47676
1.25355
1.41453
1.29011
1.16677
1.93631
1.50309
1.11496
1.93979
1.97396
1.61811
1.46777
1.66029
1.36878
1.35945
1.60839
2.09053
1.58702
1.20067
1.60002
1.56703
2.04096
1.30804
1.60064
1.61595
1.66008
1.78572
1.88206
1.73687
2.0286
1.77293
1.82129
1.76078
2.04457
1.9317
1.9122
1.67488
1.71401
1.32088
1.87604
1.32329
1.4984
1.54682
1.30839
1.20812
1.33534
1.35458
1.32363
1.53141
1.5118
1.03666
1.10866
1.22076
1.12185
1.0892
1.4679
1.20511
1.0526
1.33754
1.19285
1.60503
1.76532
1.33608
1.21481
1.05807
0.945578
1.28577
1.1927
1.5919
1.39662
1.0998
1.23698
1.35805
1.56309
1.56111
1.22498
1.56868
1.65587
1.57337
1.43125
1.64269
1.95965
1.94624
1.81654
1.9063
1.89608
1.43322
1.72788
1.75126
1.6488
1.7352
1.4072
1.75539
1.73593
1.72029
1.80385
1.88505
0.846094
1.21904
1.1833
2.05401
2.26918
1.7686
1.73531
1.19307
1.34896
1.44909
1.148
1.48926
1.75614
1.17388
1.20815
1.26169
1.4089
2.17904
1.8042
1.49243
1.1991
1.39772
1.66556
1.55284
1.69179
1.24824
1.36002
1.67875
