1.57566
1.58009
1.44012
1.59075
1.49765
1.53328
1.48606
1.37371
1.37396
1.28514
1.3214
1.16989
1.71293
1.33
1.43041
1.77802
1.46787
1.43416
1.57799
1.47981
1.53036
1.49829
1.64591
1.47426
1.39546
1.3289
1.35564
1.43002
1.42954
1.49023
1.41436
1.44459
1.4846
1.41996
1.51301
1.53558
1.39028
1.44461
1.4366
1.35719
1.32543
1.48561
1.43283
1.24884
1.48346
1.51673
1.42015
1.46973
1.52403
1.4404
1.39303
1.39542
1.32957
1.30579
1.2869
1.40867
1.45048
1.57598
1.8121
1.39424
1.63283
1.45448
1.50621
1.48212
1.55693
1.4535
1.35345
1.42955
1.40602
1.38469
1.4048
1.17991
1.39374
1.39459
1.55906
1.62155
1.473
1.32311
1.32853
1.39446
1.41842
1.44819
1.3898
1.37401
1.36417
1.37775
1.2922
1.70646
1.43733
1.44617
1.48513
1.42668
1.64891
1.3999
1.49949
1.32678
1.36875
1.36174
1.29185
1.3016
1.26377
1.28981
1.46163
1.38032
1.32682
1.32433
1.42922
1.34693
1.40017
1.44542
1.3006
1.25793
1.33999
1.41506
1.28098
1.34008
1.38844
1.74021
1.42857
1.1744
1.23157
1.55111
1.40316
1.44253
1.34531
1.68309
1.26914
1.45589
1.36538
1.55589
1.68857
1.54854
1.44303
1.7203
1.45753
1.42641
1.45733
1.50568
1.44125
1.44227
1.56932
1.30495
1.59363
1.46313
1.55861
1.44521
1.41129
1.41542
1.44306
1.43987
1.49645
1.61177
1.43276
1.4255
1.26518
1.5873
1.59806
1.66107
1.61648
1.35979
1.36715
1.47013
1.43738
1.9029
1.8437
1.42433
1.42869
1.3914
1.42644
1.37193
1.50697
1.54779
1.56713
1.43096
1.48297
1.69911
1.53626
1.47301
1.41244
1.9711
