1.59204
1.39751
1.45169
1.5489
1.4407
1.47138
1.42608
1.53446
1.61233
1.46387
1.62603
1.50335
1.65915
1.4997
1.52828
1.87578
1.59359
1.54947
1.47225
1.56045
1.52
1.43543
1.53774
1.36184
1.52464
1.63022
1.69259
1.48765
1.6816
1.5887
1.36666
1.51877
1.53575
1.52501
1.45841
1.5345
1.60788
1.36274
1.72178
1.59345
1.44968
1.73305
1.61572
1.51722
1.72811
1.78836
1.6669
1.69954
1.80287
1.61551
1.75087
1.65689
1.43967
1.52991
1.49488
1.51878
1.40693
1.47202
1.48014
1.4875
1.37507
1.47907
1.72287
1.50755
1.61689
1.6024
1.60132
1.53649
1.57669
1.46801
1.44253
1.56682
1.64423
1.58438
1.71852
1.9045
1.64416
1.63743
1.48243
1.53904
1.56321
1.66949
1.71233
1.61413
1.63521
1.53564
1.54477
1.75542
1.57327
1.72563
1.6889
1.58714
1.70646
1.83937
1.61972
1.46145
1.60219
1.49346
1.5203
1.43442
1.31306
1.15395
1.50611
1.4169
1.45961
1.38545
1.59417
1.63498
1.46943
1.34037
1.40894
1.30352
1.59081
1.44013
1.44859
1.42286
1.49579
1.53152
1.50733
1.27167
1.51085
1.68393
1.57077
1.58772
1.33879
1.533
1.46699
1.4474
1.35698
1.54639
1.63787
1.68929
1.44207
1.41407
1.55365
1.4625
1.46457
1.45265
1.40386
1.37855
1.34682
1.49526
1.52505
1.50803
1.73306
1.56334
1.55061
1.55897
1.52465
1.45627
1.5714
1.6375
1.55372
1.56904
1.39021
1.6295
1.38925
1.43531
1.66984
1.41305
1.57161
1.30839
1.59522
1.43476
1.31055
1.5238
1.48129
1.2806
1.60887
1.5529
1.6566
1.92161
1.61261
1.51271
1.55392
1.55662
1.4488
1.68333
1.49838
1.37577
