1.62448
2.03214
1.57639
1.54789
1.94746
1.97165
1.90347
1.43589
1.57001
1.38959
1.71439
1.58962
1.74153
1.5852
1.49156
1.78537
1.92657
1.99452
1.52425
2.41259
2.43437
2.17649
2.26379
1.41316
1.6667
1.42848
1.62438
1.72143
1.48944
1.43408
1.38949
1.48863
1.37234
1.73523
1.71445
1.30705
1.42899
1.62457
1.33769
1.3704
1.34026
1.5724
1.28306
1.22742
1.75408
1.82557
1.85827
2.01319
1.96983
2.0564
1.7148
1.57014
1.46179
1.54709
1.26218
1.69578
1.47492
1.64771
1.43644
1.2921
2.17668
1.95794
1.42756
2.37595
2.22741
2.02399
1.52592
1.6562
1.87586
1.26469
1.79108
2.33382
1.46442
1.49697
2.02015
2.16846
2.13003
1.46146
1.36823
1.60341
1.89774
2.11299
2.00547
1.98298
2.17391
2.10206
2.05724
2.17566
2.14403
1.99283
1.98732
1.88793
1.93227
1.43308
2.08151
1.49084
1.48428
1.31177
1.36241
1.43795
1.3366
1.30834
1.5163
1.55377
1.42381
1.07696
1.35458
1.35283
1.13879
1.19384
1.39662
1.15293
1.31818
1.27727
1.28951
1.72578
2.08415
1.56582
1.28935
1.0475
1.13028
1.28998
1.38266
1.51253
1.64995
1.33243
1.31789
1.48895
1.7275
1.71891
1.44087
1.66119
2.08254
1.71514
1.50017
2.13823
2.0504
2.34074
1.89161
2.02621
1.84215
1.67954
1.98363
1.88784
1.89755
1.75724
1.57146
1.68661
1.68162
1.74991
1.81351
2.07129
1.12653
1.37356
1.1319
2.24534
2.20076
1.9215
1.94018
1.34524
1.55711
1.78543
1.38028
1.84575
2.25254
1.40394
1.17382
1.12007
1.54837
2.24011
2.19325
1.51486
1.41751
1.42188
1.68026
1.6658
1.81362
1.37228
1.58409
1.64865
