0.728086
0.91115
1.16461
0.747247
0.828083
0.832388
0.986719
1.12125
1.38253
1.50516
1.20306
1.5125
0.926417
0.95391
0.752195
1.24393
1.07613
1.06621
0.992422
0.825387
0.766996
0.786444
1.06036
1.43513
1.18731
0.91327
1.00521
1.17021
0.717023
0.97438
0.871624
0.907965
0.780176
0.751193
0.811939
1.06879
0.949696
0.945173
0.72605
1.15507
1.01109
0.681933
1.19603
0.849356
0.76247
0.996599
0.92154
0.797888
0.786361
0.519994
1.14664
0.891413
1.24953
1.21415
1.51678
1.38647
1.07051
1.19989
1.22448
1.28324
1.55554
1.13793
1.08754
1.15385
1.06608
1.50753
1.21541
1.28916
1.11908
0.966528
0.952061
1.18455
1.39461
1.23029
1.33522
1.16147
1.6161
1.4942
1.69551
1.38181
0.962967
1.05002
1.0284
1.12755
1.17687
1.0831
1.04855
1.00412
1.43318
1.46237
1.69951
1.66889
1.20993
1.17043
0.918147
1.32348
1.14701
1.09426
1.25264
1.18754
1.4815
1.44904
1.29925
1.54236
1.33825
1.15432
1.11271
1.56346
1.29068
1.37949
1.09764
1.33356
1.19314
1.33875
1.50359
1.15046
0.838124
1.26716
1.15952
1.03384
0.670591
1.21927
1.15186
1.09271
1.15985
1.05923
0.957236
1.03976
1.1721
1.13043
1.40444
1.32174
1.04195
1.40889
1.34898
1.00147
0.988341
0.877756
0.983828
1.0272
0.925493
0.86859
0.878727
0.859631
0.914638
0.888332
1.20786
1.19906
0.979214
0.992796
1.02981
1.13022
0.742545
0.775151
0.957098
0.787946
0.90562
0.794844
0.876423
0.939269
1.20034
0.894346
0.907283
0.96151
1.10232
0.994946
1.30597
1.27061
1.28776
1.23123
1.01156
1.60447
1.27305
1.19648
1.16935
0.986871
1.16499
0.971783
1.11512
1.18407
