0.799796
0.691259
1.05772
0.823155
0.841968
0.694636
0.930438
1.05014
1.26182
1.22473
1.39639
1.14787
0.931337
1.03256
0.681165
0.917374
0.592493
0.846737
0.685727
0.297458
0.64973
0.820446
0.89756
1.11348
0.999747
0.945715
0.882992
0.702892
0.837276
1.02158
0.879755
1.00348
1.03559
0.939606
0.955891
0.991046
1.17073
0.987554
0.847791
1.32144
1.365
0.558626
1.22501
1.0137
0.649646
0.602685
0.62278
0.487794
0.625016
0.721135
1.14466
0.751483
1.09985
0.99135
1.44429
1.2186
1.05438
1.06547
1.35277
1.35197
1.27245
1.20412
1.07669
1.10162
1.08608
1.57062
0.8865
1.17781
1.15958
0.914801
0.919523
1.21952
1.39873
1.27418
1.00296
1.09577
1.44551
1.22058
1.10959
1.39724
0.912116
1.07597
1.06793
1.07425
1.05107
1.03714
1.05125
1.32631
1.40015
1.43137
1.72228
1.57723
1.37366
1.3742
0.747304
1.15127
0.855463
0.681887
1.15503
1.15072
1.3494
1.09429
1.24438
1.24892
1.18258
0.904727
0.914774
1.44376
0.956925
1.20939
0.944866
1.28894
1.29443
1.2946
1.3101
0.783564
0.644878
1.27804
0.952016
0.947025
0.56242
1.25307
1.11053
0.936723
1.06068
1.05187
1.00571
0.935814
0.956577
1.03106
1.13767
1.32777
0.825618
1.27756
1.18574
1.04982
0.755714
0.760542
0.816289
0.74473
0.781938
1.03419
0.727407
0.707654
0.886
0.689843
0.944509
0.995084
0.859846
0.788409
0.719428
0.888565
0.893394
0.918882
0.936228
0.638798
0.905501
0.574691
0.519835
0.976572
1.16311
0.953033
1.05258
1.21646
1.21564
1.10147
1.00841
0.897879
1.08804
0.997223
1.23533
1.35783
1.01425
0.945845
1.05616
1.03332
1.00086
0.916665
1.12158
1.24278
