0.943095
1.41687
1.27667
0.93131
0.938367
1.03372
1.08426
1.47214
1.31804
1.25304
1.19569
1.21801
1.10408
1.17423
1.19345
1.2078
1.24321
1.37813
1.15603
0.954762
0.965257
1.30222
1.18873
1.03354
1.00818
0.908029
1.16642
1.0545
1.08463
1.15096
1.07744
1.21509
1.07819
1.11709
1.10752
1.2969
1.367
1.31676
0.978486
1.53552
1.41913
0.968718
1.22045
0.885384
0.960685
1.09586
1.12729
1.22285
1.03739
1.25559
1.18054
1.25171
1.29776
1.15543
1.13209
1.35341
1.19469
1.00584
1.05697
1.16634
1.13601
1.29614
1.27032
1.02868
1.10881
0.951155
1.13588
1.2409
1.06622
0.854644
0.921403
1.15605
1.18091
1.11204
1.02065
1.37326
1.18945
1.22403
1.34371
1.23409
1.22871
1.14747
1.16957
0.948746
0.944586
1.02599
1.13966
1.27134
1.1541
1.27257
1.45566
1.26681
1.40009
1.3034
1.08171
1.17761
1.01894
0.701269
1.21752
1.20107
1.2074
1.5222
1.35344
1.39962
1.30839
1.13055
1.03927
1.27721
1.15277
0.957449
1.12208
0.998187
1.21761
1.22969
1.22899
1.12566
1.20202
1.10703
1.14857
0.991667
1.10767
1.03297
1.09525
1.18056
1.13186
1.04929
0.881853
1.02094
1.11901
1.14062
0.959651
1.26087
0.996635
0.946645
0.934456
0.945593
1.08788
1.38444
1.21904
1.0965
1.39702
1.04671
1.13212
1.12511
1.0858
1.15936
1.25735
1.07307
1.01826
0.992892
0.952025
1.05855
0.910443
1.09489
0.885227
1.364
1.24551
1.21153
1.16347
0.906522
1.19082
1.48428
1.29448
1.13364
0.755947
1.27322
1.25739
1.3039
1.29218
1.14554
1.0159
0.966448
1.25365
1.14568
1.24167
1.08972
1.00508
0.979635
1.33479
1.16309
