1.61032
1.60374
1.5827
1.59913
1.6997
1.67539
1.48478
1.35877
1.45752
1.37535
1.47897
1.53982
1.71296
1.57187
1.65579
1.87027
1.81782
1.64052
1.68876
1.74121
1.76907
1.77297
1.71468
1.26444
1.58055
1.36756
1.59219
1.50773
1.66766
1.43548
1.45073
1.50918
1.50207
1.58082
1.44157
1.53379
1.4752
1.40197
1.55823
1.43868
1.41026
1.68194
1.32347
1.24416
1.82029
1.76193
1.48812
1.58069
1.60908
1.69121
1.40133
1.50585
1.34965
1.31804
1.34472
1.58143
1.50936
1.39359
1.64569
1.37785
1.52233
1.57831
1.52646
1.77201
1.71922
1.79397
1.49268
1.53724
1.64634
1.35814
1.53005
1.77429
1.55298
1.60821
1.67317
1.73945
1.8013
1.57346
1.62063
1.46287
1.62883
1.6957
1.60882
1.64023
1.7408
1.68596
1.74357
1.85463
1.82184
1.9236
1.83258
1.80052
1.98702
1.66147
1.7209
1.36591
1.33724
1.36839
1.61001
1.59417
1.52209
1.30768
1.5293
1.40605
1.59981
1.39478
1.45509
1.46682
1.37191
1.55016
1.41442
1.43763
1.53095
1.54451
1.40937
1.4459
1.603
1.56678
1.55187
1.55623
1.2536
1.57526
1.58642
1.31632
1.56784
1.44671
1.55453
1.5361
1.60572
1.67968
1.76791
1.80903
1.80762
1.91611
1.69669
1.76911
1.71093
1.73668
1.55658
1.65114
1.72471
1.56088
1.71834
1.67518
1.63856
1.67393
1.55165
1.63953
1.63875
1.66652
1.75612
1.74454
1.46047
1.43441
1.82262
1.69883
1.52536
1.83962
1.7346
1.51015
1.40045
1.48302
1.45365
1.39601
1.5131
1.60953
1.50387
1.38442
1.49408
1.73931
1.75668
1.75128
1.39267
1.17726
1.46091
1.67397
1.80865
1.52333
1.54585
1.50477
