1.60065
1.63056
1.6401
1.60258
1.60416
1.57301
1.55799
1.33509
1.39513
1.39087
1.3869
1.30434
1.78522
1.5334
1.59768
1.51545
1.73028
1.59573
1.63473
1.38695
1.47111
1.57738
1.63043
1.26955
1.63151
1.31297
1.3891
1.5971
1.59707
1.5315
1.45896
1.48455
1.52541
1.54138
1.48417
1.43378
1.4269
1.49116
1.43036
1.48873
1.42764
1.54405
1.38237
1.25205
1.6652
1.66887
1.56686
1.57749
1.75453
1.62715
1.36993
1.40629
1.30735
1.44888
1.3212
1.40815
1.48291
1.41651
1.48791
1.37104
1.53254
1.54531
1.47454
1.64428
1.82875
1.59683
1.48613
1.56004
1.64252
1.51096
1.57658
1.81714
1.50897
1.66413
1.85837
1.87067
1.78063
1.60933
1.53941
1.59507
1.64502
1.8992
1.72522
1.68497
1.74109
1.72616
1.64663
2.06658
1.86472
1.98544
1.84927
1.65817
1.97023
1.60347
1.6139
1.48419
1.25923
1.28521
1.46587
1.45062
1.42372
1.3741
1.40173
1.33213
1.53292
1.39122
1.50225
1.49684
1.43879
1.59112
1.51121
1.50429
1.63811
1.51711
1.46374
1.48241
1.52507
1.64539
1.59171
1.50173
1.4494
1.47659
1.55316
1.48836
1.60069
1.50424
1.72967
1.52401
1.56459
1.652
1.64202
1.69067
1.6616
1.85735
1.61866
1.7605
1.6305
1.66305
1.58739
1.69765
1.70257
1.53586
1.62332
1.54519
1.55476
1.64066
1.43677
1.63073
1.53694
1.64142
1.53669
1.53344
1.38789
1.42817
1.34222
1.60451
1.6093
1.58499
1.49419
1.42012
1.55807
1.44563
1.37614
1.40012
1.53885
1.74708
1.47885
1.43909
1.62262
1.75082
1.87586
1.67639
1.4147
1.33126
1.47864
1.59507
1.63726
1.50358
1.45984
1.45245
