1.82985
1.71323
1.70721
1.73441
1.92198
1.83963
1.74897
1.43244
1.51738
1.25615
1.5122
1.5016
2.09512
1.58604
1.72441
1.97964
1.7183
1.60298
1.75397
1.83846
1.84014
1.7002
1.77866
1.49018
1.58747
1.48901
1.65246
1.57815
1.90532
1.60208
1.52837
1.66092
1.43951
1.48568
1.54733
1.58675
1.42062
1.38163
1.53086
1.4718
1.43337
1.65698
1.50827
1.37458
1.67057
1.77189
1.64588
1.70884
1.83877
1.82172
1.51499
1.51225
1.44385
1.29165
1.54842
1.55692
1.43183
1.3537
1.5945
1.50201
1.32541
1.59756
1.59812
1.56901
1.54096
1.81629
1.6573
1.69496
1.60426
1.51807
1.67494
1.71038
1.54071
1.66763
1.83025
1.83558
1.81602
1.51781
1.50776
1.41293
1.54279
1.68379
1.78975
1.85182
1.75458
1.72196
1.73026
1.73529
1.62929
1.90368
2.11737
1.91215
1.75
1.43494
1.79417
1.46662
1.55266
1.53783
1.61502
1.48147
1.44485
1.36896
1.47472
1.45996
1.55359
1.38896
1.45869
1.5717
1.4594
1.33353
1.46515
1.31095
1.49566
1.41261
1.46588
1.55335
1.3811
1.49071
1.42986
1.41942
1.33997
1.38165
1.63517
1.47833
1.63449
1.27165
1.31902
1.47664
1.47644
1.66487
1.58115
1.68256
1.66267
1.8231
1.57837
1.70122
1.75315
1.63033
1.51414
1.62895
1.65065
1.62973
1.92973
1.54869
1.90055
1.67305
1.51775
1.54851
1.61903
1.58418
1.87723
2.09087
1.44126
1.36707
1.26984
1.81371
1.85498
1.79826
1.69705
1.49043
1.59886
1.4481
1.42784
1.20921
1.3623
1.38916
1.40807
1.40377
1.61216
1.72998
1.88987
1.79089
1.42011
1.45865
1.66344
1.62761
1.69227
1.36511
1.49689
1.54239
