1.73049
1.78808
1.89554
1.6943
1.82144
1.74269
1.54136
1.44401
1.7186
1.50158
1.56058
1.63143
2.07121
1.51352
1.67636
2.07436
1.7704
1.49596
1.7064
1.85593
1.82808
1.60375
1.73603
1.54014
1.60828
1.4984
1.48657
1.57759
1.79479
1.51293
1.48005
1.58525
1.53579
1.51356
1.48532
1.54016
1.58365
1.46926
1.6134
1.40017
1.43227
1.73232
1.43961
1.50699
1.75888
1.89237
1.5641
1.72937
1.70379
1.78543
1.69747
1.54517
1.51163
1.10195
1.47839
1.51565
1.53058
1.47127
1.53337
1.45
1.54264
1.61758
1.64173
1.54199
1.68015
1.6698
1.67886
1.60819
1.64864
1.62535
1.61093
1.75879
1.66792
1.78018
1.78772
1.81307
1.89169
1.74832
1.59548
1.53026
1.7405
1.92212
1.78902
1.78758
1.83548
1.73396
1.63781
1.84566
1.65328
1.98101
1.87981
1.99981
1.81777
1.6415
1.59393
1.40581
1.4844
1.60876
1.55021
1.63131
1.55356
1.49192
1.37367
1.57616
1.65846
1.38665
1.56275
1.52751
1.49141
1.47447
1.48364
1.49645
1.5606
1.45672
1.44971
1.55207
1.51517
1.42591
1.59472
1.37377
1.241
1.55769
1.64873
1.64537
1.66483
1.57991
1.41697
1.57693
1.52719
1.74625
1.64953
1.67815
1.71355
1.69786
1.66607
1.56515
1.72143
1.65132
1.64207
1.74599
1.69202
1.50472
1.88394
1.58549
1.72988
1.75105
1.6842
1.6488
1.74188
1.75432
1.8395
2.07674
1.43559
1.45481
1.3484
1.78172
1.7709
1.7986
1.59938
1.34633
1.41947
1.53274
1.49929
1.36211
1.40078
1.57593
1.37877
1.47586
1.59658
1.86618
1.85815
1.69606
1.50885
1.71487
1.66088
1.73836
1.77045
1.54321
1.52854
1.57923
