2.03826
2.11032
1.97229
2.02077
2.06064
2.14033
1.70241
1.57898
1.73913
1.75017
1.83012
1.88089
2.23291
1.10627
1.64189
2.06724
2.20991
1.89843
2.33227
2.67252
2.65511
2.31738
2.33022
1.38131
1.77747
1.64352
1.70982
2.08408
1.83196
1.65202
1.56215
1.53747
1.58575
1.59704
1.59681
1.72582
1.57786
1.51132
1.78988
1.56141
1.44894
1.82035
1.5534
1.52296
1.78261
1.96827
1.89294
1.88652
2.0026
2.13712
2.10065
1.88279
1.60811
1.61877
1.57533
1.91219
1.41661
1.18598
1.44719
1.50829
1.6
1.56357
1.61546
1.96098
1.91048
2.08593
2.02142
1.84118
1.59162
1.79711
1.89596
1.92023
2.06245
1.85616
1.93765
2.20943
2.21346
1.65905
1.7523
1.76193
1.71802
1.82454
1.90719
1.90967
2.02645
1.77954
1.82923
1.88085
2.11205
2.08658
2.06001
1.87329
2.04753
1.69616
1.65909
1.60479
1.68821
1.73542
1.63655
1.69087
1.63461
1.48627
1.31827
1.43826
1.80216
1.40424
1.75681
1.5219
1.43661
1.30657
1.54818
1.34807
1.4623
1.38082
1.50316
1.91502
1.71471
1.52177
1.44023
1.71912
1.30586
1.51712
1.70425
1.60549
1.84181
1.58923
1.51308
1.75614
1.69012
1.76824
1.62179
2.08001
1.98411
2.0423
1.7026
1.89491
2.01525
2.15458
2.01923
2.00219
1.89414
1.79132
2.50584
1.62102
1.84999
2.27518
1.82106
2.04005
2.09111
2.17187
2.31577
2.2502
1.57602
1.52593
1.54979
2.50388
2.27034
2.5561
2.55679
1.42882
1.57685
1.59878
1.66273
1.41663
1.53945
1.69836
1.42598
1.26227
1.56773
1.85987
2.06809
1.87229
1.44836
1.33011
1.89214
1.85649
1.97298
1.60912
1.59464
1.36549
