1.84609
3.23803
2.47371
1.73314
1.79111
2.98418
4.19438
1.41916
1.43346
1.60261
1.30611
1.35063
1.65521
2.87922
2.97481
1.83075
3.47101
4.38476
3.4839
4.33312
3.97759
3.31273
3.76561
1.21293
2.30125
1.64715
3.13224
2.48108
3.26599
2.57039
3.56132
2.88949
3.14372
3.17477
3.20932
2.22231
2.72652
2.80868
2.09247
2.08208
2.34434
2.52879
1.93097
1.70031
3.53125
3.35678
2.67059
3.19978
3.04863
4.06983
1.41419
2.05005
1.34836
1.87436
1.71579
1.23211
2.57608
2.86513
2.33169
2.34661
2.117
2.07598
1.99552
2.53492
2.32079
2.49126
1.68047
1.79719
1.78128
1.60738
1.81396
1.4414
1.85853
1.73843
1.92935
2.01786
1.5908
1.95982
1.97055
2.01605
1.98859
2.00727
2.25028
1.66024
1.97844
1.99969
1.97233
1.92253
1.77333
1.66616
2.23477
2.7751
2.86411
2.39095
3.40103
2.079
1.76495
1.86313
1.64897
1.88312
2.16877
1.75984
1.96536
1.67522
2.44847
1.87068
1.81598
2.10912
1.97857
2.1346
2.14203
2.11591
1.99038
2.2312
2.07974
2.76436
3.28689
3.33982
2.28215
2.42807
2.6165
3.86835
2.10953
1.87071
1.90654
2.93341
4.10173
2.15612
2.34925
2.14568
2.65991
2.67675
2.82462
4.01392
3.9374
4.96181
2.92695
5.51468
2.68012
3.09871
3.39881
3.35053
4.31284
2.91894
3.5355
5.19079
2.62571
2.93992
2.29193
2.39371
2.90451
1.92785
2.42846
3.45723
3.86797
3.50681
4.03483
4.72206
3.5965
3.32806
3.07435
3.28489
3.85977
2.12242
2.34439
2.70812
1.91199
1.67893
2.26665
1.64458
1.56035
3.52184
1.66392
1.43174
1.96647
2.13444
2.57618
2.15468
2.24438
2.16363
