1.62814
1.90525
1.78344
1.66673
1.71544
1.67566
1.37579
1.47214
1.61101
1.62958
1.43426
1.63114
1.87599
1.35204
1.42786
2.14566
1.70257
1.50519
1.53534
2.27874
2.10413
1.87146
1.94134
1.41863
1.58489
1.51133
1.40287
1.48536
1.51905
1.40496
1.19227
1.42898
1.21982
1.3681
1.2435
1.56214
1.28725
1.25568
1.70222
1.39082
1.31178
1.68198
1.47433
1.42557
1.57576
1.755
1.72793
1.5483
1.70706
1.80297
1.61795
1.45635
1.34767
1.50458
1.42958
1.5781
1.34481
1.38758
1.45035
1.39093
1.50033
1.55946
1.47733
1.50214
1.54622
1.35909
1.64813
1.52846
1.45328
1.46561
1.43976
1.43024
1.56979
1.52213
1.89854
1.91052
1.74594
1.53821
1.31044
1.3393
1.5456
1.67611
1.67137
1.56667
1.54299
1.54276
1.42281
1.58047
1.73205
1.62842
1.70412
1.76802
1.82339
1.69147
1.37312
1.40962
1.59454
1.51492
1.47861
1.45978
1.30866
1.347
1.31488
1.33452
1.45612
1.31655
1.431
1.4222
1.24653
1.26483
1.3602
1.32883
1.57361
1.28056
1.41609
1.49188
1.57169
1.41282
1.39782
1.29456
1.07734
1.48521
1.51015
1.55916
1.43271
1.27004
1.29057
1.50205
1.43157
1.50282
1.51419
1.63679
1.57734
1.76943
1.50056
1.64295
1.65888
1.71044
1.32158
1.6774
1.59596
1.48689
1.78828
1.45978
1.41519
1.94124
1.49398
1.59702
1.67848
1.57047
1.74229
2.14389
1.15044
1.41135
1.47442
2.00666
1.66392
2.0663
2.16165
1.24999
1.25578
1.38851
1.40316
1.12118
1.33497
1.33606
1.26375
1.297
1.43209
1.53072
1.6106
1.86552
1.44497
1.29025
1.50111
1.69471
1.67516
1.23811
1.46174
1.45118
