1.09157
1.49114
1.34631
1.1427
1.5014
1.44824
1.25195
1.19102
1.30792
1.14752
1.32551
1.49368
1.49824
0.996353
1.26217
1.63924
1.49885
1.23722
1.55065
1.37116
1.52203
1.68567
1.48639
1.28231
1.1256
0.958367
0.992894
1.21209
1.13153
0.945147
0.93945
0.986386
0.974903
0.971226
0.979578
1.00155
1.06262
1.2015
0.936456
1.3057
1.17226
0.791319
1.2252
0.898778
0.915821
1.12583
1.15466
1.29821
0.94385
1.30231
1.24971
0.995762
1.17037
1.21275
1.02281
1.30639
1.08474
1.06396
1.15648
1.12326
1.58331
1.36813
1.4136
1.50699
1.42507
1.46499
1.07777
1.0964
1.33174
0.98352
1.12687
1.40727
1.25263
1.23946
1.33714
1.29835
1.54287
1.46078
1.46339
2.03074
1.46187
1.54586
1.25952
1.26476
1.39302
1.66555
1.30691
1.52765
1.72645
1.60483
1.66764
1.41593
1.50447
0.952392
1.43558
1.28343
1.28031
1.16376
1.33266
1.29089
1.29854
1.49164
0.88435
1.32911
1.41987
0.912414
0.924729
1.15581
0.960096
1.01541
0.860972
1.03983
1.03289
1.14454
1.25019
1.00758
1.15037
1.40601
1.34563
1.04017
0.743044
1.08358
1.13298
1.25829
1.18093
1.10286
0.99861
1.14242
1.28672
1.1998
1.31552
1.57907
1.30157
1.36799
1.20037
1.35787
1.38864
1.34687
1.26235
1.36306
1.30464
1.24746
1.38313
1.22113
1.25633
1.44493
1.11118
1.23942
1.38928
1.2558
1.42167
1.5265
0.972291
1.04665
0.927166
1.48037
1.38086
1.44523
1.40207
1.1625
1.12836
0.96536
1.0815
1.03843
1.49438
0.98516
0.889475
1.30292
1.35783
1.49635
1.30782
1.31713
1.08459
1.24088
1.25961
1.06962
1.31544
0.954508
1.33703
1.3046
