2.31335
1.70282
2.92193
2.16503
2.97404
2.56168
1.5116
2.00468
2.01865
1.74387
1.48342
1.43647
3.67329
1.3537
2.72107
3.8986
2.90331
1.4315
1.82854
3.60594
3.05546
1.76327
2.51766
1.43489
1.87813
1.88551
1.60086
1.48493
3.23428
1.64725
1.49193
1.44938
1.42542
1.41485
1.54191
2.48933
1.80439
1.53387
2.99718
1.55598
1.54684
2.82775
1.78175
1.87806
2.14107
3.62502
2.35517
2.82832
3.36097
2.73072
2.19282
2.31881
1.92856
1.98722
2.15841
1.36171
1.34344
1.24109
1.27077
1.36198
1.79894
1.45138
1.63236
1.65495
1.78018
1.44993
1.67861
1.73508
1.47232
1.60992
1.81475
1.90846
1.57159
2.09831
1.9892
1.66134
1.42488
1.59409
1.39815
1.54499
1.54062
1.51521
1.49542
1.46719
1.43167
1.56635
1.90092
1.63612
1.54592
1.98876
1.72921
1.76899
1.78971
1.56366
2.4597
1.45764
1.63491
1.79356
1.32195
1.35274
1.28397
1.29477
1.62245
1.43789
1.40824
1.29731
1.58845
1.72605
1.50462
1.5409
1.40593
1.2555
1.45364
1.71315
1.42519
1.99507
1.84928
1.32409
1.42769
1.37769
1.49007
1.53998
2.05114
1.60815
1.76073
1.38329
1.27704
1.70789
1.46976
1.62248
1.66026
1.58123
1.46151
1.53205
1.42666
1.47592
1.56092
1.54389
1.65384
1.56214
1.62966
2.45595
3.85271
1.69695
3.33911
2.57414
1.44069
2.14802
2.13189
2.35617
2.87942
4.22503
1.41462
1.43848
1.39915
3.05088
1.64529
3.64548
3.42329
1.34843
1.55425
1.53112
1.30553
2.2384
1.6106
1.90576
1.33791
1.51012
1.83447
1.61093
1.46217
1.59206
1.54398
1.42168
1.64868
1.79993
1.53194
1.4206
1.39585
1.34616
