2.91244
2.91791
2.2442
2.56595
2.30034
2.44098
2.16326
2.17305
1.91619
1.76436
2.25296
2.02242
2.02116
2.54458
3.12798
1.56239
2.14538
2.12482
2.0705
2.43221
2.69852
2.79109
2.94247
2.44633
1.87042
2.03607
2.72701
2.27814
2.54626
3.21522
2.50409
2.47565
2.68485
2.78474
3.03879
2.10406
2.40855
2.46666
2.41531
2.1564
2.27668
2.08886
1.90881
1.79672
2.14055
2.24666
2.55609
2.23995
2.22384
2.83334
1.81463
2.3279
2.06126
1.45394
1.70158
1.66265
2.15735
2.11545
2.10906
2.16149
2.56119
2.38287
2.27336
2.98037
2.78735
2.66667
2.28996
2.57864
2.29524
2.0617
2.38091
2.20665
2.40076
2.27775
2.36202
2.61172
2.60896
1.80496
3.02934
2.14117
2.64795
2.36223
2.34964
2.7301
2.80421
2.83451
2.4131
2.54866
2.59468
2.84734
2.88732
2.59971
2.54345
2.05608
2.56823
1.74676
2.56221
2.04845
1.9614
1.97648
2.13287
2.15888
2.29296
2.19134
2.1642
1.53128
1.96444
2.36325
1.72143
1.47914
2.03502
1.40231
2.06656
2.40726
2.17301
1.8438
2.29639
1.36394
1.5493
1.71405
1.93669
1.46142
2.11098
2.22442
2.56333
1.61813
1.87422
2.38748
2.82149
2.41255
1.99431
2.10727
2.49804
2.19672
1.84549
2.09725
2.73655
2.36316
2.71953
2.56753
2.86024
2.54862
2.2195
2.38299
2.93674
2.01334
1.85137
1.95441
2.32502
2.62769
2.68294
1.84053
1.56531
1.89706
1.58259
2.77363
2.63857
2.69181
2.63204
1.4942
3.14081
2.62717
1.92291
2.00875
2.41145
1.86749
1.79819
1.84735
2.60243
2.62193
2.34202
1.78366
2.39124
2.555
2.28652
2.14953
2.34394
2.01787
2.44475
2.34672
