2.64787
2.12202
2.07305
2.16735
1.77248
1.70315
1.94066
2.15381
1.90944
2.09057
1.9731
1.93107
1.68385
2.55047
2.79507
2.27264
3.12265
1.9759
2.34636
1.65632
1.70096
1.97529
1.82839
2.53822
2.48959
1.77228
2.58037
2.63397
2.33035
2.84568
2.35366
2.69955
2.53842
2.89512
3.14167
2.63094
2.23232
2.26063
2.10145
2.43111
2.21069
2.07389
1.98597
1.82574
2.38361
2.76022
2.08135
3.15645
2.47414
2.88275
2.02593
2.36135
2.19195
1.48002
1.75852
1.53766
2.11294
2.13328
2.08679
2.19382
2.82821
2.35055
2.05173
2.71928
2.4825
2.7155
2.28425
2.43286
2.28987
2.12364
2.62668
2.11581
2.47522
2.21145
2.28714
2.22984
2.55827
2.11952
2.65354
2.30833
2.2326
2.31722
2.40945
2.47752
2.68408
2.69778
2.30001
2.2626
2.74667
2.38153
2.48514
2.9105
2.62061
2.04136
3.21814
1.9744
2.23274
1.80616
1.88294
1.8367
2.05541
2.13161
2.05836
2.20473
2.05155
1.56756
2.0979
2.255
1.76104
1.43495
1.87548
1.41439
2.2184
2.37436
2.21152
2.01589
2.31322
1.48238
1.46824
1.34362
1.7539
1.50721
2.07184
2.49928
2.37168
1.67176
1.77544
2.20139
2.60765
2.14864
1.90795
2.09338
1.97897
2.16855
1.72258
2.17498
2.32749
1.96496
2.31424
2.19759
2.37236
2.41992
1.99817
2.4767
2.88723
2.2328
1.96558
1.90844
2.62796
2.45249
2.3965
2.18683
1.4938
1.6816
1.69896
1.78486
2.11641
1.90426
1.84796
1.67498
2.96318
2.93724
1.75537
2.67784
2.41234
1.69674
1.66267
2.00085
2.44894
2.81209
2.62289
1.8307
2.20928
2.58189
2.36594
2.2028
2.11484
2.02281
2.30062
2.41918
