1.59693
1.41051
1.59003
1.62749
1.58523
1.53117
1.542
1.27514
1.42369
1.2809
1.33145
1.43515
1.51285
1.56021
1.64009
1.6177
1.37647
1.55809
1.50425
1.64194
1.54057
1.71937
1.57915
1.43466
1.48584
1.34196
1.48325
1.51215
1.81098
1.4103
1.41781
1.45822
1.34439
1.39394
1.20468
1.32801
1.16984
1.26394
1.35269
1.27324
1.38592
1.40331
1.22681
1.24039
1.51532
1.77944
1.25194
1.33858
1.49408
1.47516
1.48173
1.31448
1.1191
1.26133
1.12611
1.39117
1.44136
1.70181
1.19427
1.1409
1.28056
1.37625
1.22803
1.27812
1.32185
1.47551
1.46349
1.42113
1.37752
1.36403
1.51279
1.48424
1.42632
1.49959
1.55612
1.85826
1.67598
1.43737
1.33063
1.20753
1.41814
1.49644
1.46337
1.4993
1.53225
1.45504
1.5839
1.76966
1.44612
1.54706
1.7748
1.85595
2.10834
1.72307
1.35798
1.18331
1.33628
1.42477
1.43282
1.40995
1.41033
1.23607
1.28016
1.40301
1.36191
1.41742
1.42622
1.43864
1.40978
1.59795
1.44647
1.49042
1.43693
1.38028
1.4004
1.4445
1.31064
1.86592
1.80299
1.37018
1.29263
1.62103
1.71712
1.36409
1.63961
1.59568
1.6181
1.5116
1.47902
1.57054
1.71629
1.70343
1.74366
1.79847
1.8225
1.81598
1.59642
1.59093
1.39514
1.48396
1.52398
1.44062
1.64866
1.4286
1.37439
1.49498
1.51163
1.50786
1.51227
1.55414
1.56027
1.44687
1.40552
1.41527
1.40161
1.59293
1.65872
1.63641
1.51603
1.34088
1.41692
1.29437
1.4046
1.67402
1.60915
1.56072
1.40562
1.34276
1.50838
1.46149
1.50417
1.69561
1.33968
1.36945
1.53631
1.62211
1.75089
1.46584
1.23466
1.32201
