1.51735
1.68269
1.47321
1.58742
1.62387
1.49171
1.27817
1.31749
1.3513
1.22922
1.25717
1.31157
1.52932
1.47007
1.55098
1.55733
1.40818
1.42444
1.30931
1.50188
1.55032
1.75212
1.5732
1.41613
1.4505
1.41548
1.26179
1.48885
1.66913
1.33186
1.39051
1.37692
1.43231
1.35635
1.34126
1.5148
1.2555
1.32901
1.36151
1.32758
1.38908
1.36053
1.31828
1.24495
1.6074
1.67352
1.51234
1.30457
1.50244
1.44408
1.34494
1.21224
1.19844
1.30499
1.2848
1.47676
1.38508
1.50662
1.15658
1.21098
1.50165
1.4395
1.33189
1.53207
1.63363
1.72346
1.33825
1.35525
1.50623
1.34966
1.41302
1.54314
1.33883
1.4461
1.5299
1.7663
1.84626
1.35558
1.25058
1.26105
1.42289
1.65285
1.56281
1.40392
1.54372
1.34672
1.49053
1.77699
1.55969
1.65207
2.16965
2.4266
2.11824
1.60589
1.24705
1.1696
1.27692
1.27647
1.38817
1.41918
1.25095
1.13783
1.27532
1.31088
1.47009
1.40316
1.56172
1.45561
1.40358
1.54243
1.38492
1.6187
1.36713
1.31098
1.27009
1.39106
1.26221
1.85721
1.7181
1.42954
1.4125
1.71747
1.6355
1.3931
1.60297
1.83022
1.3988
1.58368
1.41436
1.53745
1.68987
1.76471
1.63589
1.74096
1.72342
1.74484
1.6465
1.64691
1.40386
1.56834
1.36015
1.37273
1.5415
1.2377
1.44094
1.47825
1.44353
1.48218
1.40936
1.58383
1.6144
1.5669
1.43083
1.43677
1.55515
1.48639
1.63308
1.45734
1.55992
1.45517
1.29747
1.38554
1.56376
1.51422
1.62585
1.71185
1.43329
1.1959
1.41443
1.50311
1.71513
1.7926
1.54112
1.32986
1.54016
1.68317
1.65138
1.49534
1.39069
1.42999
