1.83954
1.69612
2.08769
1.80542
1.96207
1.89767
1.64904
1.6409
1.93306
1.78823
1.77464
1.79365
2.21357
1.59348
1.82186
2.17885
1.99934
1.71602
1.71592
1.82001
1.96593
1.85692
2.00009
1.75046
1.67273
1.68052
1.74127
1.68459
1.84732
1.66361
1.7006
1.79395
1.69347
1.59311
1.62603
1.87838
1.72379
1.75367
2.05851
1.65798
1.50524
1.9215
1.77388
1.75124
1.85682
2.11542
2.14128
2.03402
2.14505
1.95824
1.88626
1.89511
1.87123
1.84141
1.72667
1.82451
1.55843
1.57093
1.59537
1.72892
1.49654
1.4534
1.78801
1.56719
1.62125
1.78253
1.90081
1.85009
1.53461
1.61259
1.7235
1.77756
1.85026
1.70722
1.90443
1.75974
1.99498
1.73009
1.78011
1.66537
1.84186
1.89884
1.87757
1.92203
1.94033
1.79098
1.74391
1.8524
2.04055
1.97919
1.78435
1.75197
1.8526
1.61646
2.01606
1.78886
1.76067
1.82443
1.70537
1.60008
1.53225
1.49621
1.51464
1.66339
1.51751
1.54033
1.65834
1.57349
1.52243
1.54446
1.41928
1.48873
1.59773
1.45531
1.52263
1.91939
1.8112
1.92897
1.66985
1.70101
1.33891
2.07128
1.58493
1.62736
1.75966
1.80089
1.65793
1.82769
1.68504
1.75525
1.68751
1.8431
1.83369
1.91511
1.89374
1.74573
1.80698
1.68573
1.57276
1.63332
1.84615
1.91244
1.95929
1.84069
2.19102
1.79079
1.79273
1.85089
2.07724
1.77343
2.14293
2.30518
1.54923
1.57005
1.68241
1.9321
1.91417
1.94685
1.82233
1.49856
1.66307
1.79521
1.53963
1.42461
1.50277
1.58239
1.48409
1.44466
1.53272
1.91751
2.01348
1.82438
1.66253
1.56753
1.6954
1.69754
1.96212
1.71757
1.61895
1.39568
