2.08804
2.60812
2.17397
1.58622
1.34673
1.80434
2.1535
1.8583
2.03939
1.76089
1.39218
1.46616
1.10127
2.47251
3.0198
1.27344
2.10925
2.05666
1.67482
2.19747
1.92528
1.74299
2.58328
2.0489
2.07979
1.99955
2.77018
2.01478
2.73965
2.62398
2.61066
2.50865
2.58092
2.3585
2.4902
2.8342
3.04151
2.64484
2.84516
2.32655
2.39253
2.54935
2.20027
1.88212
2.77756
2.57301
2.4907
2.74879
2.4528
2.91917
1.76062
2.46847
1.98244
2.16178
2.18758
1.02487
2.37749
2.48708
2.20037
2.45055
2.15894
2.31895
2.33528
2.66301
2.43532
2.40029
1.84295
2.03524
1.93407
1.92581
1.96913
1.50082
2.32125
1.8937
2.24793
2.00756
1.78875
1.7711
2.4529
2.07862
2.77092
2.25324
2.5767
1.73358
2.40582
2.25856
2.27691
2.01103
2.25435
1.58281
2.26729
2.41247
2.58889
1.99587
2.66652
2.13675
1.88596
2.33453
1.79282
1.94671
2.34369
2.33892
1.75264
2.29337
2.3937
1.5512
1.89478
2.66034
1.99105
1.48516
2.18674
1.61415
2.47869
2.56953
2.63287
2.40974
2.68252
1.79548
1.50968
1.27159
1.75689
1.80948
1.68214
2.49619
1.75249
1.62049
1.76045
1.78178
2.03489
1.58414
1.72653
1.81252
1.45763
2.22635
2.15959
2.2411
1.54765
2.53471
2.32089
2.00494
2.12601
2.72279
2.08953
2.70616
2.47611
2.43403
2.23523
2.31865
2.01598
1.98898
1.99445
1.48123
1.47021
1.71875
1.69108
2.06012
2.39002
2.38499
1.91622
1.59585
2.54483
2.68521
1.90175
2.1444
2.21663
2.15751
1.63474
2.12871
2.80896
1.90458
1.84579
2.30125
2.07819
2.37835
2.22261
1.69161
1.71169
1.91347
2.40073
2.15733
