1.49537
2.25368
1.50236
1.7053
1.77377
1.93751
2.55883
1.56911
1.64222
2.20628
2.54177
2.23137
1.66565
2.10134
2.35144
2.03756
2.3715
3.19003
2.25369
2.54527
2.22838
2.37361
2.45658
1.27893
2.83452
2.77298
1.88434
2.78753
2.39479
2.45856
1.89985
1.96459
2.63145
2.27087
2.61168
1.54024
1.78593
1.83292
1.6105
1.65355
1.57646
1.52988
2.14495
2.4273
2.11459
1.96272
1.23686
1.8585
2.00659
2.17473
2.00587
1.66857
1.44376
2.10792
1.92231
2.22923
1.68086
1.73216
1.69158
1.62133
1.97429
2.17797
2.61154
2.22409
2.14194
2.11953
3.32449
2.76998
2.27332
3.18511
2.47442
1.94883
2.86084
2.13376
2.26032
2.03102
2.30433
2.23892
2.67029
2.57031
2.41644
2.16534
2.29563
2.0997
1.86511
1.94099
2.21724
1.99011
1.71424
2.28466
2.5369
2.70179
3.02534
2.1522
2.39481
2.50383
3.12737
2.54213
1.65339
1.4477
1.55383
1.27538
1.84061
1.45176
1.94498
1.6482
1.23351
1.65153
1.85078
1.74144
1.97157
1.99267
1.21248
1.70991
1.41263
1.96096
1.94231
2.75051
2.30941
3.02435
1.4575
3.40901
1.90878
1.95774
2.10124
1.97131
2.68426
2.55084
3.03955
2.99924
2.65813
2.78386
3.09111
3.34765
3.13695
3.68838
2.71388
2.52083
2.42531
2.56308
2.16411
1.74774
2.48346
2.61059
2.96083
2.58324
1.98819
2.42681
2.61187
2.90635
3.16839
1.60336
1.63368
2.35119
2.31845
2.47217
2.70475
2.19266
2.58942
2.55809
2.3596
1.97686
2.63279
2.14009
2.20673
2.55297
1.61366
1.36662
1.86187
2.10733
2.13378
3.58626
1.2956
1.45934
2.11162
2.72925
3.29148
1.53795
1.91945
1.68657
