1.62679
1.80475
1.63784
1.76205
2.02637
1.88341
1.75177
1.83804
1.47934
2.00732
1.88176
2.22329
2.0938
1.93961
2.12869
1.94182
1.66127
1.88216
1.64418
1.97362
1.584
1.43701
1.6307
1.14486
2.28793
2.78758
1.76697
2.2481
1.99149
2.23489
1.64617
2.12076
1.75739
2.40698
2.24667
1.92245
1.83786
1.88876
1.89613
1.51869
1.68523
1.78859
2.29201
2.5237
2.2403
2.06715
1.92251
2.00998
2.05536
1.87545
1.70554
1.81731
1.61347
2.12695
1.79596
1.73489
1.69062
1.86816
1.91484
2.30706
2.11755
2.36401
2.9709
2.08395
2.08442
2.06962
2.38347
2.28543
2.51429
2.95242
2.15955
2.02154
2.51073
2.09975
2.25079
2.41274
2.05598
2.12793
1.94126
2.01361
1.74591
1.83073
1.98229
1.87638
1.74944
1.90637
1.63966
2.09861
1.8254
2.10963
2.8782
3.62615
3.02157
2.69043
2.05574
2.21472
2.38456
2.21489
2.37301
2.17847
1.72402
1.5395
1.37529
1.57305
1.83685
1.71043
1.67487
1.95518
1.69974
2.48379
2.23843
2.32274
2.15429
1.64365
1.74334
2.01105
2.14484
2.43876
1.93909
3.12451
1.44418
2.37225
2.5453
1.46188
1.83322
2.16977
2.40852
2.65771
2.28636
2.52695
3.00646
4.07311
2.90844
3.23513
2.76435
2.39106
2.30551
2.00928
2.10949
2.1304
1.85347
1.55339
2.07895
2.4521
2.17326
2.07439
1.66275
2.2015
2.89236
2.28243
2.7073
1.80009
1.84273
2.04073
1.90525
1.65078
1.65681
1.53871
1.5349
2.64717
2.39195
2.6946
1.87794
2.39986
2.16341
3.72702
1.51507
1.59209
2.23679
1.93158
2.28365
2.97624
1.2134
1.38916
1.83243
2.85262
3.58414
1.84553
2.2995
1.96033
