1.35894
1.38514
1.38963
1.40909
1.39172
1.39575
1.38385
1.23218
1.31607
1.20646
1.27726
1.30141
1.45174
1.19874
1.41526
1.50188
1.38076
1.4325
1.27887
1.31736
1.40416
1.5144
1.4273
1.11683
1.32173
1.18227
1.30312
1.42485
1.45922
1.34249
1.20358
1.30279
1.29712
1.3295
1.31965
1.36525
1.20112
1.16708
1.27939
1.24083
1.27789
1.33891
1.23386
1.16377
1.27066
1.47878
1.31807
1.41243
1.4842
1.31515
1.29299
1.26443
1.23646
1.10393
1.13696
1.36688
1.4116
1.47245
1.35015
1.27296
1.22607
1.27202
1.30406
1.24201
1.33436
1.42543
1.29016
1.29131
1.24664
1.26231
1.30617
1.26697
1.2648
1.44841
1.43535
1.41509
1.62337
1.27109
1.22432
1.18595
1.30203
1.3084
1.36805
1.37023
1.43198
1.36994
1.30681
1.42769
1.32642
1.49182
1.30518
1.34572
1.56195
1.28978
1.40869
1.22853
1.2857
1.30917
1.36064
1.3544
1.17292
1.12378
1.16587
1.07219
1.28895
1.15181
1.28821
1.21234
1.1317
1.23181
1.15224
1.23719
1.17164
1.20361
1.15699
1.32408
1.44024
1.35667
1.40617
1.33123
1.03923
1.36093
1.34173
1.25013
1.31376
1.30768
1.2535
1.28268
1.28357
1.45189
1.33169
1.44321
1.48567
1.51401
1.31484
1.45317
1.5326
1.37883
1.34378
1.5214
1.30239
1.33013
1.39355
1.31899
1.45932
1.4149
1.36191
1.32634
1.42392
1.44915
1.40831
1.46405
1.2737
1.29275
1.19366
1.4069
1.26339
1.45539
1.3306
1.30162
1.25381
1.22378
1.26771
1.06193
1.24749
1.26829
1.18024
1.11688
1.22378
1.23508
1.42857
1.36837
1.16807
1.14613
1.37843
1.3897
1.47599
1.34071
1.27665
1.21303
