1.49111
1.52946
1.44195
1.43312
1.53195
1.52946
1.43262
1.38278
1.50772
1.52173
1.46592
1.49271
1.58824
1.28128
1.48991
1.55006
1.27748
1.41653
1.2974
1.63249
1.66663
1.69464
1.64309
1.21347
1.54778
1.41007
1.28159
1.55763
1.42896
1.27375
1.21259
1.30944
1.43752
1.33644
1.35227
1.46212
1.30437
1.25441
1.46329
1.2672
1.28826
1.47635
1.39046
1.35577
1.48865
1.51663
1.64275
1.71463
1.61391
1.40097
1.45843
1.46739
1.30412
1.47381
1.38188
1.56104
1.28779
1.36065
1.47702
1.40637
1.42811
1.50574
1.50001
1.5096
1.56914
1.48054
1.47706
1.4817
1.60984
1.47811
1.59555
1.70967
1.54927
1.62911
1.71029
1.63168
1.73515
1.4244
1.44758
1.34723
1.46827
1.70392
1.57761
1.55141
1.61387
1.64852
1.69264
1.64493
1.48559
1.6324
1.66873
1.52796
1.73599
1.68813
1.47805
1.33981
1.37745
1.45839
1.3914
1.49282
1.37616
1.33711
1.4693
1.27483
1.4608
1.42341
1.52964
1.42676
1.39891
1.49987
1.33873
1.42463
1.41378
1.35177
1.41783
1.38793
1.35446
1.39047
1.38662
1.27947
1.08227
1.4403
1.51406
1.41818
1.55124
1.2102
1.40399
1.44614
1.52812
1.62701
1.72591
1.55924
1.66542
1.7129
1.5987
1.46414
1.59784
1.50036
1.36533
1.52395
1.65642
1.40341
1.55378
1.3314
1.59666
1.59402
1.50705
1.52693
1.60362
1.54327
1.62854
1.66133
1.22216
1.36487
1.31731
1.70051
1.50597
1.4877
1.59921
1.32643
1.28773
1.34704
1.40958
1.31832
1.41863
1.38934
1.42602
1.35024
1.38513
1.57692
1.68412
1.62747
1.3981
1.17205
1.47628
1.46422
1.67415
1.54594
1.47139
1.46841
