1.41319
1.28175
1.38177
1.38471
1.41732
1.40344
1.37358
1.28462
1.39076
1.34166
1.44386
1.48465
1.41104
1.42687
1.32936
1.55678
1.40535
1.42976
1.33503
1.27282
1.61526
1.43216
1.46779
1.45671
1.51585
1.27883
1.42493
1.41781
1.43988
1.37904
1.31628
1.40212
1.50647
1.4303
1.35123
1.4758
1.3689
1.30118
1.44585
1.39226
1.32437
1.40174
1.3506
1.30364
1.38845
1.42219
1.39646
1.28896
1.37596
1.38179
1.42379
1.2943
1.23698
1.348
1.24103
1.57503
1.35494
1.4149
1.35886
1.33409
1.38798
1.37526
1.38915
1.48253
1.44719
1.46683
1.48852
1.50439
1.42308
1.33635
1.56176
1.52872
1.45534
1.38839
1.37923
1.56869
1.68582
1.39443
1.5421
1.33146
1.57055
1.68622
1.52426
1.53553
1.57671
1.51871
1.4418
1.55894
1.69488
1.69635
1.70012
1.67984
1.60526
1.43468
1.3486
1.40234
1.34415
1.32545
1.42954
1.33783
1.30017
1.29863
1.63827
1.38584
1.40002
1.41679
1.61918
1.34882
1.35249
1.49356
1.45454
1.5015
1.32427
1.37158
1.36698
1.35313
1.32779
1.51609
1.46589
1.25409
1.23329
1.47893
1.57925
1.41088
1.48798
1.40918
1.28882
1.57958
1.39745
1.53337
1.53867
1.49069
1.49067
1.62789
1.41337
1.41749
1.49475
1.37769
1.35835
1.37586
1.38323
1.31713
1.57506
1.39508
1.4565
1.36821
1.40987
1.48444
1.46438
1.45992
1.47437
1.53944
1.27601
1.39354
1.28561
1.69502
1.44287
1.28605
1.49609
1.28137
1.45037
1.40363
1.37251
1.33238
1.33777
1.43495
1.4694
1.41955
1.3579
1.60283
1.60135
1.59671
1.46298
1.36877
1.55832
1.82799
1.4714
1.5653
1.36816
1.50835
