0.854832
1.08192
1.0956
0.869694
1.05879
1.0929
1.02285
1.19053
1.08765
1.13462
0.951935
1.10746
1.39135
0.955686
1.0326
1.54576
1.14927
0.964548
1.40434
1.02449
0.976578
0.852411
1.12841
0.905456
1.0489
0.956467
0.979995
1.10355
0.879847
0.905659
0.826478
0.94564
1.03698
0.778005
1.07052
1.24963
1.47246
1.08702
1.28177
1.42321
1.13632
0.776335
0.984317
0.818154
0.978097
0.767554
0.886684
0.790969
0.944645
0.947182
1.12847
0.964111
1.10451
0.925345
0.904704
1.25498
0.908828
0.667144
0.581534
0.871108
0.874685
0.893299
0.909968
0.714999
0.643179
1.18735
0.947146
0.796244
0.843925
0.705397
0.819817
0.852679
0.961745
0.847794
0.914793
0.944867
1.17247
0.973982
0.917361
1.20335
0.950662
0.761928
0.969729
0.946357
0.948983
1.00138
0.99316
0.972889
1.07811
1.15873
1.25866
1.22878
1.05759
0.961052
1.21814
0.959269
0.977844
0.572089
0.854001
1.21983
1.1146
1.33188
0.977463
1.21741
1.05694
0.767492
0.567225
1.03828
0.729332
0.721676
0.827703
0.719096
0.688867
1.01443
1.17874
0.962642
0.978619
0.847489
0.762608
0.797628
0.628425
0.761862
0.935498
0.746365
0.952404
0.802011
0.581044
0.769295
0.985911
1.03331
1.08428
0.938573
0.950662
1.03025
0.901102
0.920021
1.10751
0.928309
0.969653
1.07792
1.13103
0.927691
1.25324
0.973418
0.970927
1.20053
1.11373
1.08263
1.03839
1.05048
1.08287
1.11487
0.652514
0.985571
0.655291
1.11838
0.93133
1.15216
1.00683
0.962412
1.10332
1.03915
0.832734
0.679079
0.866554
0.829821
0.81646
0.884761
1.03941
0.916512
1.0152
0.93156
0.827307
0.943069
1.00554
0.996765
1.09777
0.75952
0.9627
0.991377
