0.71637
0.874249
0.687274
0.70866
0.871641
1.05259
1.29254
0.910188
0.738565
0.860929
1.0912
0.855751
0.971969
0.768465
0.825292
0.929128
0.873338
1.00234
0.925973
0.906469
1.02564
1.05193
0.888789
0.897127
0.964028
0.549206
0.655156
0.86685
0.586482
0.593375
0.673964
0.609767
0.669628
0.751316
0.464087
0.843887
0.734592
0.632079
0.786208
1.08469
0.899758
0.644847
0.973751
0.578862
0.715886
0.45866
0.681858
0.691972
0.844026
0.676405
0.826784
0.716014
0.896656
0.895433
0.891606
1.13164
0.805585
0.861645
1.01423
1.00166
1.24996
1.10422
0.781369
1.12263
0.976427
1.14899
0.721586
0.744877
0.971455
0.857235
0.925884
0.994395
0.84832
1.08811
1.19096
1.07274
1.1758
1.01305
0.840207
0.966138
0.93565
1.07045
0.941721
0.996427
1.15721
1.07112
0.870098
1.19608
0.998729
1.2141
1.11952
1.25772
1.14175
1.04108
0.850958
0.760171
0.716724
0.583655
1.13389
1.15889
1.3979
1.32716
0.971773
1.09272
1.1037
0.672779
0.951385
1.23778
0.764828
0.90777
0.761869
0.961713
1.04323
1.1679
1.09298
0.703345
0.730996
0.971171
0.972471
0.85598
0.582278
0.909078
0.974224
1.01845
1.02989
0.819217
0.668276
0.673466
0.885118
0.989882
1.0573
1.18368
0.999546
1.02633
0.926046
1.08266
0.993145
1.12668
0.914607
1.09879
0.790803
0.682529
0.84165
0.544937
0.520548
0.691596
0.788856
0.757863
0.544227
0.64476
0.804752
0.820609
0.704099
0.756102
0.857824
0.915591
1.00565
0.925037
0.8171
0.658392
0.524402
0.558217
0.86952
0.935737
0.933986
0.9939
0.694158
1.26091
1.10743
1.12106
1.02291
1.2257
0.899128
0.578325
1.21917
0.855202
0.880633
0.575997
0.981314
1.16726
