3.18643
3.82881
3.17701
2.87844
3.3294
3.25775
2.74611
2.40547
2.79735
2.83211
2.65566
2.541
4.04449
2.41347
3.86539
4.00953
4.18388
2.44664
4.00773
4.17005
3.83102
3.29417
3.6434
2.51631
3.12375
2.61717
3.28258
2.83253
4.09033
3.42258
2.4472
2.44472
2.71307
2.92803
3.04682
2.48581
2.99528
2.98427
2.62554
2.70958
2.28568
3.28823
2.3107
2.24164
3.35392
4.40486
3.3088
3.46277
3.66599
3.96191
2.52542
2.86541
2.60682
2.72137
2.49634
2.41952
2.36088
2.47186
2.11681
2.13922
2.01968
2.27546
2.61659
2.23836
2.28256
2.88337
2.66896
3.13705
2.46222
2.41242
2.5799
2.41514
3.12456
2.64105
2.66491
2.90551
2.85571
2.41676
2.90507
2.70448
2.84432
3.15198
3.0421
3.32803
3.12155
2.91565
3.10077
2.51907
2.86541
2.68069
2.95738
2.64201
2.60301
2.3846
3.40046
2.85686
3.20522
2.66667
2.41579
2.6742
2.70099
2.14491
1.9337
2.7594
2.9352
1.94881
1.97934
2.45756
2.09396
1.5765
2.29823
2.0333
2.18937
2.08062
2.08705
2.6206
3.00667
1.64248
1.24384
1.19162
1.48557
1.71335
2.30079
2.61417
2.75769
1.60085
1.8465
2.33843
3.03684
2.80786
1.96889
2.49757
2.88396
2.71404
2.30765
2.52157
3.34388
3.22654
3.20673
3.19737
3.67216
3.26632
3.98585
3.34023
4.0622
3.59734
2.82942
2.73388
3.34002
3.41738
3.97324
4.22061
1.88896
1.94477
1.58339
3.88468
3.78333
3.92478
3.42923
1.89233
3.12044
3.05159
1.81752
2.05614
2.09902
1.923
1.90618
1.97351
2.49941
2.68545
2.90072
2.67383
2.17026
2.70254
2.48153
2.33422
2.97266
1.86651
2.49404
2.16834
