2.89163
3.27045
2.39151
2.27475
2.48134
2.77709
2.52768
2.33646
2.76194
2.61938
2.33577
2.55297
2.37221
2.35191
3.51682
3.23751
3.423
2.49971
3.12764
3.11468
2.9622
3.1668
3.27871
2.19652
2.64485
2.43965
2.92562
2.89014
2.96391
2.98538
2.76627
2.42033
2.74695
2.80323
2.95768
2.25706
2.76777
2.8385
2.35052
2.68293
2.60503
3.14131
2.67276
2.46146
2.70709
3.00407
3.34324
3.38542
3.30536
3.60741
2.72527
2.80318
2.74573
2.54297
2.50202
2.54032
2.4625
2.43921
2.45147
2.519
2.15332
2.87089
2.60081
2.44088
2.6388
2.90134
2.69602
2.8979
2.66414
2.26147
2.51557
2.6237
2.75398
2.7287
2.5893
2.8597
2.76077
2.66526
2.94109
3.19527
2.96144
3.07368
2.97041
3.05319
2.83585
2.67384
2.57032
2.60518
2.84672
2.88829
2.94593
2.42733
2.61836
2.35776
3.93816
2.76687
3.09702
2.75065
2.62485
2.72539
2.69258
2.37745
1.751
2.56428
2.83639
1.77982
1.54373
2.67571
1.94395
1.57528
2.08895
1.94797
2.63454
2.71404
2.74543
2.63169
3.23472
1.80171
1.34623
1.04599
1.6219
1.52337
1.68706
2.22111
2.36797
1.69956
1.80601
1.91482
2.26241
2.32939
1.72801
2.18524
2.74345
2.33256
2.37631
2.57855
2.93394
2.86444
2.80503
3.26662
3.47125
3.19538
3.37618
3.30721
3.46561
3.24122
2.51592
3.00907
3.24426
3.08689
3.39559
3.08209
1.68064
2.06952
1.42721
3.43741
3.42334
3.24281
3.5469
1.83674
3.09228
2.95834
2.08523
2.37902
2.59289
2.16172
1.59326
2.21717
2.559
2.79636
2.48883
2.26912
1.88257
2.28607
2.20064
1.86232
2.37881
1.52852
2.76802
2.49805
