1.5931
1.79881
1.54622
1.44185
1.58136
1.60706
1.67485
1.36924
1.58951
3.24921
4.46066
4.00739
1.46354
2.42795
2.17522
1.87451
1.66102
1.85137
1.83531
1.42134
1.582
1.68784
1.82634
1.62691
2.6035
2.92229
2.38531
2.92257
2.79906
2.36124
1.65326
3.08856
2.20338
3.20791
2.75775
1.52894
1.76086
2.36306
1.52122
1.62097
1.77053
1.85945
3.29988
3.58731
2.15019
2.03304
2.00465
1.94469
2.01246
1.97255
1.64667
1.86892
1.36595
1.97862
1.93623
2.43094
1.98087
1.83822
2.25291
2.71435
1.47925
2.1221
2.81518
1.95407
1.81885
1.70294
3.8433
3.48439
1.79176
2.04266
3.01807
1.87917
4.16949
3.77446
2.95615
1.8444
2.26642
3.21989
3.47013
3.49986
2.45679
2.55957
3.34673
4.68199
3.14714
4.30729
2.40052
1.69854
3.02279
1.84888
2.60309
1.96725
2.08856
2.17025
2.50678
3.92955
4.84113
2.95044
2.60109
2.17301
1.8666
1.84658
1.75818
1.8046
2.09263
1.64157
1.82419
3.50185
2.07605
1.58434
2.80834
1.74621
3.30584
2.80266
2.65972
1.92214
2.21604
2.22233
1.66561
1.51247
1.49678
1.91926
2.05679
1.83495
2.58882
1.77582
2.03725
2.50626
3.76549
3.15173
2.01797
2.46714
2.32449
3.29502
2.52856
2.33241
1.87664
1.7609
2.88414
2.12277
2.40291
1.66229
2.27928
2.84827
2.30393
1.93389
1.93879
2.52142
2.77638
2.69762
2.86613
1.93692
1.30761
1.46119
2.16933
1.83624
1.86215
1.63293
1.75973
1.59436
2.52059
2.7525
1.773
1.48231
1.50665
1.91077
1.7032
1.88432
4.17079
4.0574
2.25674
2.35302
1.62532
1.74811
2.0878
2.37119
3.15668
2.1192
2.58061
1.59245
