1.10179
1.29789
1.06991
1.0575
1.35092
1.40672
1.14802
1.12066
1.05588
0.912216
1.09965
1.11394
1.57684
0.995232
0.978382
1.32093
1.16449
1.07332
1.43326
1.26839
1.33706
1.18952
1.26728
1.23669
1.0591
0.97277
0.911589
1.10409
1.17431
0.885538
0.894715
1.03972
0.868537
0.837497
0.867806
0.996931
1.13575
0.998807
0.905996
1.13614
1.03712
0.944432
1.02071
0.898096
0.930439
1.09641
0.96844
1.20962
1.22851
1.23494
0.994384
0.962534
1.09119
0.911412
1.07918
1.22543
1.08065
1.12636
1.11958
1.21591
0.99773
1.10475
1.05077
0.9685
0.943599
1.41177
1.11127
1.18051
1.11524
1.02512
1.17822
1.10655
1.24553
1.13029
1.26534
1.14833
1.29698
1.10268
1.36115
1.29948
1.24418
1.39415
1.24455
1.27004
1.20422
1.30901
1.20971
1.0708
1.20255
1.22097
1.3907
1.35953
1.02501
0.983784
1.15979
1.10811
1.00643
1.00196
1.08426
1.0965
0.913277
1.05987
1.2729
1.08662
0.936601
0.960025
1.00658
1.10187
0.956138
0.971689
1.02697
0.917468
1.01227
0.963259
0.954139
1.01604
0.909254
0.990852
0.737101
0.954167
0.583632
0.930188
1.10845
1.18485
1.0522
0.796731
0.854959
0.851608
1.16251
1.13714
1.004
1.08102
1.03771
1.10582
0.972425
0.970955
1.06827
1.06698
1.22777
1.19881
1.23845
1.15804
1.33469
0.992639
1.04126
1.2698
1.00359
1.04665
1.04593
1.10444
1.13399
1.29125
0.797395
0.992558
0.823955
1.29041
1.2614
1.38669
1.36197
0.943376
0.979241
0.927036
0.944672
0.813893
0.780742
0.841699
1.00878
0.954987
1.21767
1.37502
1.23345
1.13263
1.11259
1.33193
1.12464
0.968597
1.09766
0.971358
1.08303
1.17097
