1.01584
1.19717
1.30589
1.03684
1.29106
1.26487
1.04767
1.17808
1.1962
1.12626
1.37269
1.40776
1.43262
1.12117
0.91017
1.42455
1.17731
1.06623
1.24397
1.34409
1.35757
1.13533
1.21453
1.10488
1.0667
1.03636
0.90422
1.09107
1.01684
0.876986
0.897848
0.963433
0.927542
0.95555
0.945783
1.02357
1.07293
1.04065
0.940101
1.18282
1.14051
1.09067
1.08327
1.01017
0.986804
1.18522
1.18869
1.2325
1.1182
1.1958
1.14241
1.0309
1.2825
0.839718
1.08958
1.26098
1.09181
1.1024
1.04529
1.06499
1.10105
1.24237
1.11306
1.20238
1.2545
1.28371
1.30934
1.14026
1.1484
1.15212
1.14889
1.22627
1.17027
1.23276
1.23256
1.23808
1.3461
1.23281
1.14273
1.47291
1.4016
1.22654
1.25639
1.35901
1.2399
1.19748
1.18435
1.22351
1.46481
1.38858
1.3435
1.38003
1.07399
0.893688
1.24693
1.03946
1.14735
1.20921
1.07188
1.09508
1.38516
1.19139
1.0851
1.28796
1.17447
0.778231
1.04
1.28991
0.819079
0.922749
0.984329
0.814324
1.07977
1.10561
1.28075
0.988284
1.11405
0.958469
1.08136
0.986545
0.803649
0.995397
1.09625
1.0617
1.08818
0.982416
0.839784
0.878449
1.0723
1.03341
1.07258
0.932944
1.12217
1.0442
1.06159
0.978895
1.1088
1.18356
1.12621
1.02093
1.13558
0.972273
1.20419
1.13185
1.24612
1.2304
1.05392
1.12535
1.17958
1.11011
1.29392
1.2871
0.873689
1.01094
0.842678
1.21105
1.21019
1.29641
1.30067
0.972537
0.845508
0.889787
1.00307
0.959066
1.04494
0.856754
0.917327
1.0139
1.14246
1.32731
1.41901
1.03901
1.10072
1.11609
1.07947
1.05151
1.06005
0.894849
1.14682
1.17646
