0.89299
1.14582
1.25069
0.94126
1.09827
1.20554
1.13258
1.43554
1.40023
1.34795
1.4993
1.28222
1.3076
1.1049
1.08449
1.30406
1.27955
1.04271
1.23138
0.969295
1.19607
1.0786
1.18188
1.28158
1.13266
1.29976
1.14138
1.05432
1.18084
1.22612
1.0476
1.23233
1.02632
1.26193
1.11481
1.3698
1.3462
1.24609
1.08863
1.52786
1.52029
1.13825
1.34202
1.20417
1.13691
1.05852
1.09369
1.23334
1.04522
1.40344
1.35286
1.13997
1.4213
1.42744
1.40488
1.28307
1.27587
1.45584
1.32988
1.53704
1.28672
1.32783
1.34751
1.18758
1.14251
1.2175
1.30931
1.34316
1.09004
1.09964
1.16839
0.942789
1.30811
1.08093
1.10457
1.09315
1.28484
1.29244
1.26892
1.56702
1.53519
1.36861
1.28304
1.22501
1.1271
1.44909
1.17081
1.09377
1.34669
1.08964
1.24803
1.54696
1.05384
1.21798
1.24543
1.43258
1.50762
1.11297
1.16172
1.17275
1.23403
1.06242
1.1652
1.22851
1.37361
1.20207
1.09504
1.20841
1.13429
1.21627
1.12958
1.02183
1.1698
1.2196
1.3932
1.14619
1.20079
1.19117
1.08498
1.21509
0.595243
1.16507
1.04865
1.40402
1.11649
1.02701
1.086
0.989347
1.15558
1.20697
1.20423
1.2239
1.10012
1.09576
1.06392
1.01371
1.07869
1.16527
1.15911
1.16222
1.01172
0.897132
1.10885
1.33007
1.20018
1.34473
1.09714
1.1736
1.1487
1.07023
1.15676
1.16212
0.833215
1.00183
1.06216
1.15036
1.11091
1.21535
1.10296
1.00383
1.13653
1.15661
0.969912
0.867902
1.17041
1.15965
1.17073
1.21473
1.25462
1.14079
1.39322
1.22545
1.39365
1.40927
1.23083
1.22351
1.09776
1.19477
1.34467
1.40864
