1.26379
1.43127
1.45267
1.40711
1.53417
1.59785
1.40676
1.32303
1.43226
1.49033
1.41328
1.40676
1.63219
1.06114
1.15716
1.59553
1.55058
1.34963
1.74852
1.63058
1.56995
1.54135
1.54453
1.17131
1.30113
0.987214
0.975355
1.23313
0.993376
1.08475
1.03422
1.10077
0.964056
0.977795
1.21106
1.18702
1.28594
1.31821
1.06498
1.42862
1.07358
1.0323
1.09504
0.976377
0.987309
1.15612
1.18006
1.28506
1.08657
1.26696
1.29793
1.18759
1.42307
1.25301
1.06962
1.38307
1.01341
0.985256
1.17063
1.12077
1.22242
1.21118
1.1282
1.17101
1.14702
1.71576
1.30885
1.43117
1.1191
1.16709
1.52457
1.14764
1.60636
1.16906
1.46462
1.54122
1.6861
1.23904
1.48878
1.66956
1.51849
1.44931
1.39732
1.41946
1.3666
1.4223
1.24543
1.29202
1.5674
1.61152
1.78971
1.45931
1.08909
1.1516
1.42788
1.29835
1.2226
1.35918
1.0829
1.22389
1.29556
1.39747
1.1645
1.34538
1.24011
1.06572
1.07935
1.24343
1.20474
1.03761
1.21223
1.12039
1.10333
1.33417
1.33189
1.06373
1.1133
1.3485
1.20669
0.922643
1.00958
1.03956
1.42765
1.08181
1.25709
1.00301
1.13887
1.47684
1.40741
1.47814
1.37681
1.66916
1.43847
1.68811
1.34232
1.35043
1.35617
1.37927
1.29736
1.29167
1.48107
1.35565
1.52631
1.19582
1.44365
1.53031
1.16726
1.23532
1.21793
1.35458
1.3603
1.54429
1.11103
1.35901
1.00782
1.53687
1.43292
1.65861
1.62078
1.20003
1.20876
1.10364
1.31267
0.904349
1.14447
0.849028
1.10452
1.21577
1.4201
1.56256
1.59055
1.45564
1.15286
1.01287
1.09906
1.42088
1.51234
1.15544
1.30563
1.01251
