1.08484
1.28794
0.991614
1.02202
1.217
1.33044
1.45051
1.27857
1.22174
1.32437
1.49271
1.36918
1.15105
1.36271
1.7939
1.15887
1.20952
1.38896
0.995858
1.31313
1.46661
1.46129
1.44171
1.0573
1.18408
1.05558
1.33641
1.23592
1.60309
1.53698
1.49585
1.20016
1.60691
1.36375
1.33296
1.32785
1.5927
1.29048
1.10262
1.67209
1.5808
0.817411
1.31541
1.05029
1.06698
1.23726
0.964139
1.13868
0.799145
1.25364
1.14213
0.989829
1.05294
1.07765
1.14104
1.32697
1.30417
1.50158
1.18776
1.19829
1.46719
1.48567
1.43293
1.47682
1.12915
1.38278
1.59892
1.57672
1.39638
1.34064
1.46601
1.61238
1.57864
1.32293
1.55226
1.27331
1.66211
1.42988
1.40467
1.74686
1.46215
1.66087
1.48904
1.60811
1.44697
1.34995
1.25385
1.75108
1.64769
1.69113
1.65819
1.57751
1.67047
1.25671
1.42444
1.36572
1.51132
1.50164
1.31219
1.38539
1.51411
1.28758
1.16726
1.31235
1.465
1.00963
1.19519
1.31255
0.936227
0.962599
1.16215
1.0065
1.23396
1.20967
1.28523
1.26616
1.17739
1.1461
0.893975
1.00955
1.07144
1.05173
1.17579
0.976589
1.43191
1.09594
0.916156
1.41309
1.23166
1.49102
1.40235
1.47672
1.67617
1.75301
1.25968
1.55296
1.49941
1.34863
1.56987
1.25842
1.36224
1.24804
1.61932
1.56471
1.57782
1.34999
1.10487
1.34375
1.54479
1.60585
1.63812
1.25706
0.865745
1.16821
1.03389
1.37324
1.36027
1.09354
1.49159
0.792387
1.35706
1.35077
1.23354
1.11885
1.10233
1.09064
1.08766
1.18917
1.64052
1.52596
1.8194
1.30576
1.12919
0.912301
1.1854
1.23494
1.41603
1.38801
1.22131
1.41151
