1.17293
1.24679
0.977348
0.981485
1.29473
1.36946
1.58264
1.21512
1.24232
1.0932
1.32131
1.34159
1.17888
1.48121
1.60446
1.25085
1.21587
1.35988
1.09433
1.10211
1.52008
1.71294
1.53581
0.87232
1.39916
1.13122
0.979711
1.31965
1.03111
1.11681
1.33345
1.33809
1.4237
1.32744
1.13894
1.09532
1.37265
1.10745
0.800339
1.48034
1.18461
0.88939
1.17333
0.993726
0.868023
1.12387
0.824273
0.951129
0.855648
1.32989
1.05021
1.03914
1.20719
1.16803
0.919708
1.36522
1.15323
1.19334
1.30832
1.29142
1.56265
1.30057
1.10525
1.26992
1.35499
1.52502
1.41526
1.26532
1.34222
1.18309
1.28531
1.4988
1.45986
1.32283
1.20989
1.31063
1.62379
1.36253
0.985671
1.63814
1.09226
1.53222
1.37198
1.44394
1.31295
1.37931
1.35223
1.1977
1.56612
1.56719
1.65241
1.84691
1.76259
1.27071
1.24687
1.17774
1.1783
1.19912
1.3761
1.39901
1.67957
1.81793
1.15438
1.66552
1.81069
0.753422
1.00777
1.42902
0.842843
1.05887
0.979424
1.32431
1.28095
1.25558
1.44036
1.15667
1.24583
1.41401
1.16731
0.908469
0.843032
0.988479
1.03302
0.688746
1.21412
1.08942
0.721908
1.03387
1.29362
1.11499
0.998876
1.20388
1.51455
1.47747
1.38235
1.52881
1.29094
1.28541
1.38251
1.12367
1.5294
1.14722
1.50763
1.13785
1.52591
1.23765
1.2274
1.307
1.43224
1.62845
1.49762
1.03972
0.915005
1.37331
0.756059
1.18305
1.06844
1.10857
1.44958
0.62303
1.13638
1.08615
1.29618
0.986377
1.29828
1.2263
0.769917
1.3759
1.19173
1.32984
1.29826
0.974913
1.16291
0.821949
0.957916
0.893915
1.4803
0.77422
1.30415
1.28819
