1.86651
1.96275
1.87429
1.95871
2.02162
1.8529
1.82166
1.78257
1.71684
1.63704
1.56868
1.73782
2.00147
1.70303
1.94576
2.04152
1.92474
1.83593
1.82929
1.86955
1.83377
1.85972
1.93518
1.61405
1.75002
1.54798
1.67059
1.87711
1.98477
1.83118
1.83681
1.58231
1.81738
1.7237
1.67908
1.87321
1.73324
1.65339
1.70273
1.64825
1.58192
1.99586
1.66924
1.54054
1.92636
1.87249
1.80091
1.7991
1.80725
1.66068
1.80871
1.70442
1.7817
1.59974
1.65766
1.683
1.63161
1.84397
1.63719
1.6909
1.61194
1.68806
1.77111
1.72565
1.73485
1.85658
1.78867
1.64118
1.66415
1.53919
1.60363
1.57116
1.73619
1.80802
1.91063
1.88494
1.86432
1.65827
1.59452
1.66329
1.80192
1.81788
1.87498
1.72303
1.678
1.72236
1.64203
1.70359
1.68911
1.70468
1.87993
2.22479
1.9493
1.75605
1.74877
1.61969
1.70067
1.72667
1.89265
1.88932
1.73964
1.68929
1.65822
1.69388
1.78039
1.65194
1.71126
1.72992
1.75458
1.63279
1.72601
1.63091
1.76213
1.78361
1.79507
1.68737
1.71841
1.86592
1.76269
1.94765
1.68962
1.92217
1.77011
1.7472
1.75556
1.58772
1.77707
1.678
1.82907
1.83497
1.81324
1.86956
1.85932
1.89068
1.80363
1.72129
1.873
1.88227
1.82575
1.93812
1.84762
1.87726
1.85815
1.78969
1.76846
1.94568
1.73067
1.87365
1.82313
1.7732
1.96224
2.00468
1.79597
1.79085
1.76664
1.82157
1.98116
1.88953
1.82537
1.72154
1.70377
1.7224
1.69042
1.58854
1.60756
1.77461
1.63633
1.7624
1.77765
1.6478
1.83699
1.89912
1.73793
1.50786
1.73888
1.76143
1.89488
1.81599
1.682
1.58392
