1.35083
1.46583
1.57689
1.35002
1.48226
1.51389
1.35951
1.32822
1.32997
1.24067
1.26123
1.314
1.51573
1.38514
1.64627
1.55711
1.31769
1.1552
1.39797
1.4031
1.43392
1.67224
1.58779
1.20077
1.40023
1.12022
1.2324
1.46241
1.84672
1.3984
1.41122
1.41101
1.15912
1.47382
1.24749
1.25416
1.26253
1.23017
1.1484
1.23705
1.00192
1.141
1.09381
1.15449
1.29978
1.81366
1.26136
1.03313
1.248
1.51169
1.40743
1.27642
1.25422
1.19915
0.974496
1.2944
1.10323
1.51553
1.14655
1.08271
1.07764
1.23718
1.18082
0.99522
1.15158
1.51754
1.41738
1.54704
1.16429
1.20152
1.47096
1.39331
1.44271
1.2561
1.26065
1.34979
1.49257
1.26981
1.34574
1.43488
1.36055
1.54647
1.52497
1.52402
1.51657
1.47582
1.6089
1.54005
1.71108
1.69055
1.70022
1.48859
1.61374
1.14879
1.29762
1.19337
1.38607
1.47535
1.15124
1.18893
1.21981
1.36106
1.14612
1.2824
1.17136
0.955371
1.02087
1.14832
1.04492
1.2315
1.20112
0.999883
1.0742
1.16403
1.11923
1.28921
1.28192
1.1388
1.34032
0.979702
1.14181
0.933155
1.17875
1.14077
1.27002
1.01456
1.05936
1.18356
1.4015
1.33501
1.25207
1.46057
1.33074
1.42507
1.17298
1.19281
1.46817
1.37569
1.51129
1.44539
1.49292
1.51385
1.56375
1.4273
1.45837
1.42376
1.2034
1.42263
1.58906
1.57466
1.6884
1.42953
1.05629
1.42438
0.998904
1.3677
1.38379
1.60324
1.46529
1.05053
1.35497
1.32366
1.11603
1.24454
1.37352
1.1773
0.951427
1.22368
1.2209
1.74697
1.56502
1.06396
1.16974
1.15691
1.26011
1.37138
1.39573
1.07758
1.15727
1.23922
