1.17548
1.51686
1.51741
1.27023
1.38645
1.36192
1.35893
1.27499
1.29677
1.55463
1.61405
1.64537
1.50757
1.5255
1.6797
1.70327
1.47493
1.32633
1.29125
1.19287
1.18628
1.55908
1.40898
1.27565
1.38869
1.14058
1.40955
1.54252
1.69326
1.43832
1.47281
1.33915
1.42403
1.51642
1.3833
1.16463
1.24615
1.32306
1.15207
1.10941
1.12235
1.37127
1.00852
1.28756
1.53214
1.97902
1.406
1.24909
1.61134
1.55703
1.30773
1.1202
1.24403
1.27638
0.951138
1.27681
1.17568
1.49191
1.23422
1.18491
1.53823
1.46634
1.28164
1.45714
1.58159
1.77301
1.58388
1.60964
1.38436
1.46396
1.61754
1.56834
1.62296
1.39715
1.15611
1.81967
1.9731
1.31988
1.31431
1.56643
1.38995
1.53914
1.79128
1.83164
1.87169
1.53625
1.7041
1.69901
1.78322
1.83827
1.9343
2.1293
1.77462
1.18431
1.44862
1.38369
1.54792
1.56499
1.20276
1.39142
1.45307
1.35713
1.18427
1.35779
1.69663
0.915815
1.05408
1.18345
0.983349
1.31378
1.07601
1.17583
0.910663
1.02024
1.2144
1.21817
1.27736
1.10712
1.30971
1.05463
1.0734
0.997023
1.2276
1.18313
1.3663
1.14017
0.995221
1.28654
1.39364
1.46948
1.28999
1.61865
1.43463
1.28586
1.16709
1.37666
1.49159
1.3879
1.59621
1.54048
1.58482
1.62114
1.61738
1.42484
1.62472
1.49384
1.20626
1.61696
1.71754
1.77226
1.7545
1.58978
1.1096
1.08699
0.969264
1.25078
1.4341
1.28718
1.49355
1.13314
1.40022
1.42757
1.1595
1.41367
1.58734
1.26506
0.97206
1.12425
1.41667
1.91516
1.76915
1.18281
1.61947
1.06392
1.30555
1.45075
1.34491
1.08529
1.57104
1.50722
