0.94571
1.32426
1.32987
1.14148
1.17645
1.33155
1.28969
1.27949
1.20152
1.10438
1.20543
1.15154
1.28395
1.16128
1.07095
1.50576
1.17205
1.18361
1.27594
1.52469
1.3693
1.41968
1.27125
0.978788
1.18018
0.85189
0.834777
1.21996
1.14708
0.946051
1.02287
1.0821
0.838025
1.06436
0.903743
1.29358
1.20567
0.979917
1.20544
1.30488
0.988894
1.08644
1.066
0.913742
0.92387
1.21128
0.9994
1.12762
1.27369
1.20446
1.17586
1.03695
1.16895
1.15094
1.08453
1.27586
1.28509
1.01968
1.05632
0.924318
1.06128
1.08501
0.923684
1.10684
0.849518
1.23063
1.08716
1.00255
0.953367
0.898022
0.988455
0.945131
1.26689
1.21291
1.29615
1.19744
1.44494
1.14377
1.01658
1.17853
1.3282
1.22965
1.20407
1.09334
1.24002
1.08216
0.924701
1.11373
1.23143
1.19392
1.24436
1.07529
1.18884
0.92256
1.13672
1.06801
1.11319
0.922448
1.12881
1.13463
1.20632
1.25545
1.19661
1.07151
1.05858
0.774528
0.868269
1.18811
0.759263
0.941035
0.846893
0.868534
1.02605
0.843682
0.919714
1.01773
1.08748
1.37459
1.1481
0.927268
0.676945
1.06109
0.920669
1.15718
1.11948
1.11242
0.967207
0.841421
1.14227
1.11253
1.02262
1.05146
1.20024
1.13866
1.07419
1.23512
1.21073
1.17448
1.17649
1.24207
1.08429
1.10809
1.2354
1.1066
1.05556
1.19545
1.05422
1.13085
1.1103
1.06658
1.19449
1.32807
0.958782
1.17957
0.807661
1.42792
1.19663
1.23717
1.34304
1.08173
0.877984
0.812505
1.03776
0.888977
0.933967
0.840111
0.855318
0.834081
1.17813
1.14868
1.24472
1.11724
1.06654
0.999181
1.2211
1.00665
1.09529
0.822839
0.957333
0.998104
