1.03374
1.22918
1.06303
1.02275
1.21008
1.35182
1.37188
1.25733
1.2125
1.18212
1.36849
1.30805
1.3738
1.10482
1.06069
1.48163
1.27564
1.14472
1.26662
1.36206
1.27611
1.27771
1.33128
0.869571
1.08656
0.882889
0.892665
1.09602
1.17672
0.962359
1.03811
1.02585
0.859855
0.938493
0.845519
1.08417
1.06276
0.967799
0.963625
1.32152
1.08186
0.947024
0.989344
0.818113
0.946605
0.83617
1.06078
1.2016
1.01173
1.06604
1.0318
1.03092
1.36583
1.24847
1.05406
1.25696
1.07108
0.931969
1.00182
0.890056
1.06971
0.969751
1.09175
1.02865
0.994674
1.53041
1.0819
1.06392
0.944259
0.958881
1.03294
1.08803
1.12547
1.05879
1.17398
1.45132
1.35187
1.11285
1.23895
1.14886
1.17909
1.04181
1.14988
1.18794
1.13264
1.07428
1.10433
1.1613
1.24638
1.34462
1.35129
1.21609
1.27158
0.960871
1.01641
1.05659
1.03227
1.01834
1.07556
1.07771
1.19483
1.38008
1.15695
1.14639
1.13218
0.755027
0.979211
1.03561
0.713737
0.986958
0.83452
0.922312
1.01482
0.991524
1.03091
0.967037
1.03541
1.13165
0.987163
0.927339
0.957159
1.08582
1.04818
0.969209
1.24978
1.04909
0.943496
1.00108
1.14224
1.01365
1.08462
1.07504
1.15474
1.14899
1.05574
1.1552
1.24
1.21428
1.14924
1.09994
1.20729
1.09468
1.21388
0.989071
1.17329
1.15749
1.03394
1.12464
1.09356
1.17573
1.00456
1.26673
0.927282
1.18721
0.836089
1.24386
1.1879
1.27956
1.33017
1.05491
0.900507
0.799952
0.973914
0.910834
0.874857
1.06552
0.801576
0.998063
1.10289
1.24427
1.094
1.12183
1.03233
0.975745
1.11708
0.957397
1.08351
0.878685
1.00628
0.876144
