1.74561
1.86796
1.63197
1.74355
2.00616
1.8268
1.59101
1.52953
1.64075
1.56391
1.44134
1.60817
1.95185
1.45758
1.69529
1.79767
1.59763
1.60438
1.72412
1.97512
1.95287
1.80491
2.13774
1.45122
1.61623
1.45976
1.44649
1.84751
1.69609
1.57747
1.44
1.45834
1.41043
1.38126
1.37627
1.54326
1.36077
1.31466
1.51772
1.4486
1.43525
1.62566
1.29583
1.57361
1.5045
1.93406
1.47253
1.46731
1.82546
1.58201
1.76017
1.52452
1.4857
1.62894
1.56465
1.74307
1.44994
1.51932
1.54969
1.39975
1.55303
1.4112
1.27962
1.44646
1.57804
1.68475
1.71479
1.59526
1.37173
1.66429
1.8786
1.94645
1.7429
1.6386
1.87469
1.69333
2.06239
1.61281
1.44841
1.41062
1.65672
1.81486
1.91229
1.83335
2.10064
1.81587
1.89729
1.8108
1.90691
2.00016
1.87529
1.74715
2.01945
1.61693
1.38003
1.4612
1.69698
1.64593
1.87063
1.5622
1.45142
1.41945
1.39441
1.40781
1.48839
1.46239
1.4508
1.49368
1.52535
1.56136
1.49057
1.43641
1.44511
1.627
1.50175
1.54728
1.42189
1.91475
1.72767
1.49155
1.47077
1.80014
1.48908
1.78375
1.62612
1.64285
1.56893
1.69487
1.54985
1.7239
1.68216
1.89532
1.80536
1.82586
1.65703
1.63151
1.96782
1.71228
1.62421
1.7244
1.92037
1.5214
1.9239
1.44643
1.66095
1.59482
1.58384
1.8157
1.92609
1.73655
2.0342
2.12217
1.52611
1.39887
1.51337
2.13528
1.95018
2.10635
1.99537
1.45521
1.39655
1.51701
1.4352
1.46121
1.49871
1.59107
1.46071
1.43039
1.5387
1.73951
1.90774
1.69397
1.49756
1.46868
1.87666
1.85973
1.89089
1.58204
1.38149
1.48773
