1.78815
1.83135
1.78123
1.79799
1.95611
1.8085
1.69077
1.50345
1.6662
1.73909
1.51758
1.92675
1.91276
1.43741
1.63118
2.20001
2.14212
1.77029
2.03869
2.0135
2.27134
1.97584
2.14005
1.64829
1.84978
1.59744
1.50225
1.84916
1.66479
1.45842
1.4878
1.39441
1.49053
1.39297
1.36667
1.60301
1.48692
1.51023
1.56674
1.45243
1.4138
1.58758
1.42
1.44859
1.70877
1.82361
1.7359
1.58568
1.92862
1.59865
1.9878
1.49758
1.49786
1.74467
1.42268
1.72035
1.45629
1.45583
1.39871
1.43829
1.59577
1.65571
1.39916
1.78773
2.04097
1.84958
1.72236
1.58387
1.68791
1.59591
1.75397
2.0715
1.58585
1.81167
2.16858
2.28023
2.05935
1.7463
1.64758
1.51255
1.67834
2.09066
2.01841
1.87909
1.8649
1.61189
1.85855
2.05879
1.8687
2.14891
1.89395
1.73787
1.97728
1.64943
1.62637
1.51159
1.67347
1.55898
1.68981
1.80769
1.52397
1.36448
1.6647
1.54029
1.54536
1.53759
1.84065
1.5495
1.4868
1.67868
1.5639
1.58265
1.51626
1.54666
1.48739
1.67063
1.60187
2.1693
1.86505
1.45302
1.63552
1.94015
1.89541
1.83147
1.83274
1.88103
1.65622
1.80319
1.63832
1.73924
1.81485
1.94
1.90464
1.88822
1.72801
1.89988
2.02053
1.96829
1.84383
2.08687
1.88168
1.5816
2.20958
1.70894
1.78808
2.14712
1.82419
1.82765
1.89521
1.87247
2.03113
2.37617
1.53092
1.57284
1.49635
2.06417
1.83413
2.21075
2.05531
1.58959
1.37722
1.47759
1.59588
1.67172
1.81163
1.705
1.58947
1.43351
1.75768
1.79546
2.39805
1.939
1.635
1.69556
2.05799
1.96185
1.88143
1.92343
1.53796
1.57991
