0.996331
1.42509
1.59415
1.1163
1.25501
1.20053
0.993892
1.41743
1.35713
1.35926
1.45785
1.38881
1.58707
1.1632
1.12455
1.85855
1.43484
1.01927
1.51554
1.70714
1.46189
1.29539
1.44123
1.12028
1.2507
1.03697
1.04927
1.18471
1.24562
1.01622
1.02441
1.04381
1.00611
1.08076
0.91513
1.31367
1.36426
1.0683
1.34951
1.24739
1.10436
1.27471
1.14492
1.0982
1.27687
1.44937
1.42598
1.38525
1.31178
1.47012
1.26854
1.12048
1.30317
1.45257
1.29717
1.33233
0.957133
1.10192
1.13939
1.28031
1.05419
1.27443
1.06529
1.13848
1.07257
1.43215
1.32351
1.17918
1.1015
1.03974
0.950155
1.06274
1.20508
1.18599
1.41471
1.41394
1.43457
1.17584
1.34466
1.26148
1.25452
1.18278
1.26383
1.22601
1.28725
1.2773
1.0332
1.08932
1.43672
1.32135
1.32336
1.19931
1.08821
1.13541
1.23217
1.1391
1.26179
1.15779
1.15023
1.14206
1.16078
1.25243
1.0942
1.10846
1.14688
0.928026
0.84761
1.08005
0.966245
0.881552
0.968034
0.763838
1.01464
1.07922
1.13805
1.13055
1.27925
1.04452
0.885405
0.93802
0.52417
1.02886
0.877988
1.15251
0.993838
0.737093
0.662578
0.878714
1.16712
0.980108
1.0318
1.19793
1.06872
1.22328
1.0078
1.12238
1.18797
1.25747
1.14478
1.22596
1.35074
1.12688
1.53343
1.17235
1.23391
1.59677
1.0808
1.21451
1.29331
1.22852
1.38429
1.83319
0.590315
1.0092
0.686109
1.50077
1.45264
1.6438
1.65893
0.830251
1.01798
1.02901
0.930285
0.838142
0.997196
0.737591
0.964722
1.01531
1.24618
1.20224
1.23108
1.479
1.15157
0.984812
1.03594
1.12657
1.13212
0.880513
1.21396
1.15085
