0.957985
1.33287
1.31607
1.09018
1.3347
1.2057
0.914776
1.31304
1.3027
1.19714
1.35677
1.22391
1.58438
0.76326
0.993114
1.7361
1.42654
0.957728
1.323
1.48288
1.50784
1.14058
1.43523
0.957002
1.09652
1.0545
0.925559
1.06086
1.02792
0.91458
0.985611
0.951373
1.01541
1.19159
0.947401
1.1959
1.12464
1.04994
1.32796
1.22233
1.06294
1.18575
1.01305
1.14113
1.14694
1.1759
1.3338
1.32675
1.17305
1.41852
1.28367
1.23347
1.20632
1.32439
1.21462
1.24107
1.02694
0.885513
1.15573
1.07046
1.10642
1.17374
0.992907
1.21345
1.25971
1.4729
1.0954
1.14454
1.07162
1.0471
1.05948
1.09245
1.1806
1.04272
1.22307
1.34534
1.23816
1.16052
1.22112
1.26455
1.13881
1.3179
1.10382
1.13935
1.15139
1.14678
0.982073
1.23656
1.42761
1.40165
1.46988
1.35419
1.24496
1.10286
1.06938
1.29776
1.14202
1.04775
1.17121
1.16003
1.28032
1.47444
1.05634
1.13253
1.10344
0.821092
1.10787
1.07238
0.890997
0.750207
0.918877
0.820566
1.09221
1.11806
1.30803
1.06849
1.08103
0.935329
0.867653
0.819285
0.481585
1.00523
0.974801
1.01216
1.18841
0.801554
0.741064
1.01797
1.14297
1.09491
1.02506
1.08651
1.07394
1.06933
0.91857
1.04364
1.12487
0.960751
1.14577
0.990347
1.1703
1.05088
1.42473
0.95357
1.32633
1.43895
1.05332
0.991452
1.20181
1.17901
1.33997
1.50239
0.666547
0.920783
0.52538
1.33981
1.14293
1.64007
1.39131
0.799555
0.99035
0.879623
0.829463
0.833962
0.961241
0.985108
0.81069
1.34366
1.23636
1.23954
1.24687
1.1247
0.953051
0.993405
1.13623
0.9781
1.01395
0.848693
1.13621
1.18839
