1.62457
1.26608
1.71797
1.40636
1.31033
1.50653
1.59123
1.91067
2.00941
2.01379
1.30834
1.50025
1.38891
1.77239
1.72117
2.01553
2.49914
1.85584
1.46501
1.68924
1.4905
1.79461
1.59114
1.31487
1.75345
1.6394
1.87213
1.52266
1.9386
1.84601
1.65542
1.97333
1.55066
1.88215
1.93472
1.7269
2.15739
2.08941
1.28184
2.09391
2.32037
1.02067
2.12398
1.59242
1.98022
1.82269
1.286
2.04086
1.97143
1.4243
1.62668
1.33072
2.03774
1.71295
1.94371
1.60869
2.09938
1.78987
1.92789
2.19364
2.219
2.25549
2.22984
2.23738
2.28008
2.62824
1.68821
1.8939
1.93667
1.49095
1.68126
1.71389
1.80313
1.79112
2.2105
2.0324
2.49402
1.90045
2.44219
1.99522
1.88123
1.86218
1.84525
1.82132
2.01824
1.79145
1.71928
1.96402
1.7512
2.28819
2.51946
2.28763
2.59524
1.8418
2.00165
1.76238
1.68638
1.25158
1.27727
1.68255
2.07822
1.63511
2.08431
1.91506
2.04375
1.52475
0.865088
1.92166
1.72258
1.29594
1.7367
1.66838
1.38733
2.06842
1.8596
1.37665
1.85639
0.993315
0.578328
0.748379
1.11266
1.47347
0.942116
1.86989
1.19297
1.10082
1.11033
1.21828
1.47208
1.43403
1.38228
1.09787
1.34848
1.22118
1.43918
2.01279
1.341
1.56799
1.7356
1.34748
1.51017
1.76185
1.06553
1.71151
1.72788
1.47663
1.71697
1.62338
1.04906
1.49764
1.04888
1.59218
1.11055
1.48419
0.994715
1.40134
1.69794
1.37284
1.57037
1.28051
2.00428
1.85051
1.52496
2.12564
2.29684
1.59437
1.51614
1.52131
2.15982
2.22873
1.98592
1.56542
1.32559
1.66233
1.5878
1.11609
1.59102
0.926595
2.38453
2.13854
