1.42788
1.53428
1.40151
1.46547
1.53253
1.4863
1.39812
1.43843
1.44946
1.37668
1.3964
1.32205
1.46565
1.25265
1.484
1.60167
1.54576
1.4845
1.41373
1.51603
1.60724
1.71894
1.50714
1.15551
1.53687
1.20752
1.38894
1.46173
1.34998
1.27597
1.21202
1.35392
1.36462
1.36427
1.37638
1.46066
1.30224
1.19453
1.44657
1.27293
1.24528
1.71061
1.36809
1.22465
1.39627
1.63525
1.58454
1.50618
1.48905
1.50519
1.50351
1.54206
1.35428
1.46807
1.33586
1.39355
1.34489
1.35997
1.30356
1.33306
1.3253
1.34239
1.32176
1.37333
1.47031
1.6456
1.38609
1.30691
1.46582
1.2289
1.20604
1.51424
1.48225
1.56031
1.58719
1.82163
1.68582
1.48246
1.45596
1.25814
1.50099
1.7215
1.42343
1.43784
1.46895
1.4935
1.38346
1.66257
1.66342
1.86003
1.77501
1.65693
1.72302
1.50019
1.45779
1.36342
1.41458
1.21329
1.5344
1.54074
1.36714
1.17084
1.25225
1.37068
1.54088
1.17472
1.39965
1.38307
1.21655
1.31257
1.35046
1.27285
1.49545
1.37211
1.22625
1.49439
1.31251
1.53431
1.65741
1.39568
1.25365
1.46996
1.47433
1.57272
1.47908
1.36877
1.38362
1.44284
1.35017
1.54936
1.46457
1.69748
1.54421
1.72487
1.39032
1.40669
1.47005
1.53967
1.45927
1.44478
1.30052
1.32357
1.42675
1.33003
1.49606
1.43482
1.53427
1.52178
1.48011
1.47496
1.51246
1.56059
1.19634
1.33136
1.2726
1.59314
1.55742
1.51179
1.51068
1.21244
1.37907
1.22935
1.40095
1.36405
1.22516
1.49239
1.17918
1.13462
1.60975
1.55405
1.68585
1.61589
1.3253
1.52007
1.54138
1.5351
1.60991
1.31317
1.36948
1.32073
