1.09513
0.998275
1.22111
1.09414
1.0246
1.1238
1.12564
1.27721
1.25321
1.20975
1.62648
1.21248
1.05907
1.18397
1.00704
1.12597
1.02552
1.03005
1.0419
1.03595
1.04918
1.07772
1.12701
1.39072
1.19887
0.965467
1.03993
0.995011
0.939399
1.0545
1.0865
0.957672
1.18969
0.995545
0.944035
1.16688
1.16944
1.01383
0.936773
1.29179
1.18471
0.800993
1.12065
1.03906
0.77601
0.84562
1.04344
1.17608
0.87666
0.902629
1.22446
0.992422
1.19496
1.39882
1.22598
1.35523
1.03316
1.17536
1.13303
1.13244
1.15012
0.960755
0.915552
0.88278
0.923368
1.06931
1.06089
1.23602
0.938649
0.929678
1.05617
0.954018
1.13849
1.16759
1.0407
1.05121
1.12975
1.2232
1.18142
1.38119
1.28208
1.33473
1.17977
1.05228
1.03865
1.25585
1.02204
0.984416
1.31756
1.26095
1.33137
1.02051
1.01891
0.698101
1.05494
1.17039
1.16994
0.98857
1.11747
1.15571
1.39451
1.4933
1.19793
1.46767
1.30197
0.988583
1.1029
1.23022
1.03347
1.0218
0.951383
0.976253
1.1799
1.29947
1.27525
1.02229
1.10107
0.934159
1.14705
1.00516
0.821316
0.903019
1.02891
1.13856
1.05868
0.971336
1.1305
0.922434
1.19606
1.01183
1.06006
0.938283
0.95685
1.09757
1.04486
1.0045
0.893493
1.04814
1.09105
0.987739
0.867585
1.11215
0.984309
0.974692
1.03863
1.19556
0.907629
1.10522
0.893461
1.00763
1.00781
1.18389
1.08889
1.27836
0.991652
1.00884
0.957645
1.02167
0.978851
1.1411
1.19361
0.922922
0.994746
1.0532
0.945838
0.85978
1.07995
1.23525
1.15046
1.25174
1.12703
1.01876
1.4468
1.1797
1.13805
1.03741
0.868621
1.07983
1.00996
1.08532
