0.880825
1.14717
1.15024
0.996763
1.00027
1.10986
1.22428
1.22751
1.39372
1.14301
1.40334
1.2691
0.984515
1.20532
0.903266
1.23313
1.19124
0.994698
1.08478
0.925753
1.08254
1.00458
1.14855
1.41837
1.12317
1.00303
0.911175
0.954913
0.94953
0.93889
0.982799
0.998111
1.03167
1.01336
1.0346
1.12174
1.11347
1.14572
0.930092
1.38676
1.0852
0.848879
1.115
0.944009
0.832101
0.882216
0.919292
0.808364
0.730529
0.919874
1.17261
0.913862
1.18686
1.34436
1.20975
1.39772
1.05972
1.34611
1.14461
1.23485
1.11344
1.25999
1.21481
1.07674
1.16656
0.958163
1.16943
1.23305
1.04102
1.01411
1.18117
1.14789
1.16832
1.06404
0.881878
0.933406
1.29374
1.24112
1.10022
1.35672
1.30311
1.29016
1.11825
1.136
1.24335
1.26651
1.10308
1.18321
1.20772
1.21133
1.27357
1.21523
1.04722
0.875495
0.992667
1.3408
1.16597
0.982746
1.02515
1.0598
1.243
1.09705
1.46
1.5017
1.33921
0.9943
1.34357
1.3372
0.909769
1.06155
1.03833
1.1282
1.0888
1.05525
1.18964
0.936184
0.946373
0.911644
1.01547
0.940036
0.872772
0.938463
1.07311
1.13872
1.07011
0.901615
1.087
1.02609
1.15299
1.0686
1.08226
0.907422
0.962587
0.970854
0.88927
0.967291
0.966609
1.00268
1.13506
0.919237
0.978423
1.04238
1.04611
0.913328
0.925592
0.993003
0.896377
1.09309
0.969089
1.00429
0.965202
1.22418
0.916044
1.10749
0.858163
1.1519
1.07981
0.858473
0.945704
0.94993
1.03384
1.00395
1.08952
1.09426
1.01787
0.939072
1.12562
1.00992
1.07396
1.31281
1.16277
0.990928
1.1384
1.22167
1.1405
1.23435
0.869223
1.29512
1.23699
1.37895
