1.49417
1.97102
1.87605
1.38021
1.55453
1.5612
1.39353
1.58912
1.6256
1.91419
1.90292
2.22643
1.85261
1.99475
2.33216
2.1114
2.14452
1.61544
1.89082
1.6006
1.51091
1.64562
1.92169
1.79485
1.95357
1.6634
2.42736
2.09327
2.33119
2.22544
1.80015
2.02084
2.03006
2.04602
2.18904
1.77319
1.94178
1.84377
1.73142
1.91184
1.81654
1.87109
1.59581
1.36986
2.05399
2.26845
1.7822
2.07985
1.96403
2.03442
1.56012
1.73176
1.58359
1.52602
1.46951
1.86069
1.96882
1.7185
2.02613
2.0882
1.98571
1.97289
1.9075
2.34938
2.15708
2.33345
2.06212
1.98322
1.99266
1.74567
1.87158
2.19668
2.137
2.04919
2.06316
2.03525
2.23456
1.87307
2.1038
1.8885
2.3178
2.33593
2.22851
2.26558
2.45239
2.36505
2.20409
2.27286
2.5203
2.63254
2.33242
2.11847
2.22883
1.74125
2.40262
1.67651
1.70045
1.824
1.82993
1.79941
1.73944
1.86233
1.66406
1.86604
1.98531
1.46777
1.44509
1.89476
1.50919
1.47017
1.80068
1.58014
1.74132
1.7609
1.8807
1.74351
1.9009
1.29276
1.53715
1.31086
1.46739
1.29893
1.6046
1.61623
1.73121
1.35664
1.31263
1.62189
2.01153
1.8709
1.62406
1.75103
1.74223
1.78632
1.58157
1.76696
1.77103
1.64218
2.08083
1.89654
2.13409
2.04502
2.08159
2.22126
2.09873
1.99535
1.77489
1.9375
2.22153
2.2095
2.2516
1.93311
1.34377
1.42722
1.40307
1.64403
1.80538
2.12408
1.7889
1.26394
2.29405
2.06145
1.36944
1.63017
1.94206
1.79495
1.5958
1.85411
2.04284
2.35338
2.21551
1.58447
1.65931
1.70826
1.75327
1.70681
1.84096
1.46673
2.15144
1.95145
