1.16833
1.91359
1.65204
1.15695
1.25764
1.4057
1.73981
1.45425
1.39379
1.76271
1.7743
1.74344
1.34857
1.93881
2.10508
1.36516
1.78748
1.49811
1.28399
1.27335
1.32098
1.40793
1.68464
1.47865
1.88747
1.57078
2.10856
1.85194
2.00307
2.06015
1.74336
1.99424
1.98741
1.91333
2.08349
1.51219
1.68503
1.86709
1.51566
1.68917
1.62279
1.61678
1.71472
1.52371
1.93227
1.86062
1.60656
1.74206
1.68728
1.71595
1.37784
1.48179
1.41822
1.60716
1.4594
1.48043
1.70452
1.75642
1.85672
1.79344
2.05058
1.89645
1.98312
1.98447
2.13343
1.94846
1.84711
2.02177
2.003
1.79824
1.9465
2.11368
2.02296
2.06454
2.01847
2.28907
2.2049
1.75579
1.95933
1.74557
1.91808
2.12943
2.01474
2.11675
2.07786
2.17195
2.0375
2.32762
2.24945
2.36744
2.23746
1.98965
2.19801
1.61147
1.86161
1.61466
1.56017
1.56204
1.66431
1.68513
1.71937
1.89991
1.58486
1.64936
1.74134
1.21978
1.34635
1.94901
1.41031
1.56883
1.68457
1.44206
1.84688
1.87246
1.90319
1.44291
1.72519
1.39206
1.55658
1.30177
1.41797
1.25845
1.46515
1.55398
1.7638
1.50804
1.23362
1.42012
1.89074
1.87532
1.45755
1.5498
1.60561
1.67065
1.43124
1.68974
1.78045
1.51904
2.03862
1.93628
1.92314
1.81592
1.60457
1.91802
1.79686
1.48821
1.50122
1.73785
2.02965
1.97249
1.84205
1.48586
1.24506
1.39843
1.19944
1.57736
1.67145
1.45394
1.3879
1.35445
2.32931
1.90753
1.33966
1.61903
1.94542
1.82206
1.33934
1.57534
2.19375
2.26736
2.15045
1.44054
1.59453
1.48687
1.58324
1.58598
1.65045
1.30497
1.80757
1.75511
