1.16144
0.874363
1.00472
0.9657
0.85955
1.0244
1.18427
1.10344
0.929849
0.762134
0.89722
0.940377
0.719488
0.932298
1.0574
1.23786
0.835609
1.14225
0.701184
0.7682
1.17922
1.07076
1.04988
0.949622
1.06722
0.726023
0.970282
1.08872
0.738712
0.942636
1.05657
0.918744
0.992054
1.09628
0.77115
0.883276
1.10611
0.925143
0.654424
1.54564
0.93041
0.616942
1.02498
0.774832
0.610552
0.707162
0.684883
0.752404
0.687103
0.556581
0.820524
0.72673
0.914567
0.844985
0.726445
1.12708
1.09592
0.805192
0.997232
1.02731
0.957683
0.884956
0.900958
0.932966
0.930023
1.40763
0.827819
0.798372
0.947649
0.731839
0.639594
0.883818
0.915772
1.04471
0.97772
1.07606
1.1539
1.12155
0.747747
1.00251
0.707685
0.858632
0.788413
0.760019
0.760015
0.901802
0.767593
1.14541
0.828961
0.838062
1.24202
1.31225
1.30346
0.934412
0.624987
0.969484
0.758754
0.65267
1.38539
1.35813
1.78499
1.51285
0.900411
1.28039
1.47388
0.886571
0.782589
1.29054
0.932431
0.899915
0.732887
0.841052
1.24634
1.24655
1.37738
0.727672
0.805827
0.970933
0.98483
1.09099
0.89083
1.08407
0.997659
1.05781
1.14234
0.868368
1.08054
0.914272
1.133
0.988348
1.16809
1.2113
1.07536
1.32784
1.1589
1.1202
0.933345
1.05295
1.04531
0.759458
0.921444
1.12082
0.893761
0.566282
0.516576
0.675545
0.892905
0.864491
0.679855
1.05173
0.856535
0.837564
0.708901
1.13794
1.01206
1.15921
1.09854
0.939578
1.10311
1.01818
1.12791
0.652622
1.1273
0.902465
0.840972
1.03576
0.889004
1.3481
1.14016
0.985056
0.835154
0.986203
0.893845
0.849597
1.15005
0.927343
1.0821
0.696494
1.04114
0.978566
