0.816128
1.03354
0.903382
1.00389
0.897965
1.03674
1.21917
1.11876
1.02988
0.934866
1.56646
1.22261
0.804658
0.891388
0.998316
0.545819
0.905738
1.01825
0.793043
0.995957
0.778058
1.21529
1.16158
0.800986
1.07226
0.634694
0.838151
0.846187
0.443366
0.828782
0.900478
0.963476
1.059
0.843289
0.666615
0.848
0.732171
0.835422
0.720114
1.21826
0.967404
0.63449
0.878403
0.753296
0.662793
0.568729
0.912392
0.755134
0.589539
0.613547
0.911542
0.733987
1.10509
0.814618
0.670643
1.16174
0.984579
0.848057
0.603997
0.89142
1.26033
1.06061
0.954427
0.965678
0.949479
1.35239
0.816909
0.981269
0.941698
0.686969
0.887793
1.03299
0.960867
0.94997
1.12349
1.15778
1.09333
1.20985
1.1352
1.25455
0.813559
1.00744
0.90271
0.937213
0.939793
0.858016
0.880101
1.12172
0.961612
1.2003
1.21671
1.24457
1.24437
1.33437
0.818218
1.00332
0.728658
0.901351
1.2331
1.29088
1.82657
1.65823
1.14323
1.26656
1.30069
0.814234
0.719562
1.20335
0.792712
0.943953
0.866485
0.854865
1.21846
1.21311
1.55265
0.720359
0.775472
0.984482
0.862609
0.863145
0.743046
1.0442
1.07441
0.869217
1.07726
0.854058
0.858029
0.833227
1.09485
0.973816
1.23664
1.02565
0.962156
1.04302
1.07882
1.06953
0.866065
1.20271
1.14557
0.966131
0.974809
0.922941
0.827704
0.675584
0.584355
0.605069
1.06082
0.850816
0.779274
1.08148
0.782443
0.710534
1.09944
1.17723
0.891304
1.09985
1.04128
0.978918
1.01913
1.02458
0.675358
0.586118
1.11969
1.11733
1.02159
1.07252
0.847843
1.43118
0.830861
1.0819
0.893004
1.15998
1.261
0.802402
1.16282
0.789595
0.865607
0.757305
0.941817
1.01542
