1.66343
1.40491
1.52279
1.5956
1.59043
1.49684
1.35649
1.37629
1.37688
1.39781
1.35758
1.60932
1.8035
1.26952
1.61889
1.84327
1.69021
1.37769
1.54672
1.51219
1.60193
1.51598
1.56266
1.28726
1.46565
1.46641
1.38
1.50248
1.70345
1.414
1.26177
1.34626
1.29189
1.17575
1.17624
1.44233
1.2507
1.26295
1.50558
1.32282
1.36203
1.44599
1.36867
1.27424
1.56657
1.60313
1.50684
1.59679
1.67471
1.56073
1.45275
1.36269
1.33671
1.25043
1.28301
1.59758
1.26151
1.2869
1.07602
1.37711
1.17063
1.3929
1.41111
1.20108
1.25754
1.28813
1.51925
1.42157
1.42048
1.44517
1.63083
1.41349
1.41018
1.35065
1.45654
1.59562
1.66427
1.36924
1.38505
1.30149
1.61666
1.48872
1.47225
1.38562
1.48259
1.64658
1.70768
1.56387
1.52364
1.49113
1.57808
1.58108
1.58475
1.31225
1.21109
1.31114
1.61366
1.37511
1.26963
1.39045
1.30456
1.28641
1.33731
1.23237
1.33403
1.25688
1.38772
1.20138
1.18214
1.19574
1.12243
1.13775
1.19032
1.13366
1.26382
1.40573
1.46501
1.20101
1.35589
1.28117
1.18615
1.32474
1.43293
1.4283
1.26617
1.20018
1.28717
1.28273
1.20266
1.39927
1.47312
1.47396
1.41947
1.56037
1.29095
1.33335
1.52955
1.47798
1.29988
1.6131
1.50712
1.43569
1.65869
1.43441
1.23959
1.38207
1.52786
1.57973
1.57779
1.52288
1.56185
1.66033
1.27881
1.44811
1.21485
1.59545
1.4773
1.60727
1.534
1.28688
1.42445
1.31873
1.30884
1.20814
1.30003
1.21956
1.27306
1.2789
1.16279
1.47015
1.50266
1.64586
1.37762
1.36652
1.46593
1.43869
1.4712
1.45456
1.35685
1.35763
