2.96154
4.40408
4.01499
3.68158
5.77612
5.48584
3.77916
1.59929
1.75876
1.67499
1.848
1.91209
5.5206
1.43801
1.93201
4.57916
2.85735
2.79843
4.80459
5.64194
7.81203
6.77553
4.9238
1.53596
2.08069
1.49587
1.82213
2.00431
1.83797
1.69031
1.60361
1.60181
1.65532
1.73881
1.71371
1.62224
1.62805
1.55992
1.63813
1.56134
1.57935
1.82584
1.52839
1.52404
1.92617
2.09045
1.98924
2.5844
1.96184
2.28377
2.14884
1.81298
1.63345
1.61094
1.5127
1.87696
1.50485
1.3823
1.46202
1.67729
1.63421
1.76649
1.65309
1.73852
1.98116
1.97309
1.86999
1.81028
1.69035
1.62602
1.80386
1.88952
1.8896
1.67008
1.89975
2.17855
2.01
1.72426
1.74745
1.73742
1.82255
1.96154
1.96256
1.85003
1.85626
1.77779
1.79628
1.86659
2.04392
2.02815
2.05382
1.81573
1.80581
1.85598
2.25927
1.60267
1.72611
1.71627
1.63619
1.78957
1.64609
1.44686
1.44986
1.5683
1.84916
1.41332
1.78929
1.60654
1.45855
1.4079
1.55668
1.5252
1.6576
1.521
1.59638
1.81895
1.81493
1.82749
1.67746
1.75806
1.86712
1.73439
1.81411
1.77513
1.95739
1.83428
2.0285
1.84522
1.79887
2.06162
1.73575
2.29376
2.39772
2.09023
1.95971
2.44036
2.7133
3.93385
1.95077
2.44532
2.39221
2.413
3.00515
1.82824
2.05504
3.47233
1.87754
2.13756
1.93237
2.32914
2.2674
3.84122
2.33836
2.69497
1.83623
6.95705
4.34949
4.51439
4.43999
2.8306
1.65289
1.65218
2.2463
1.28093
1.53852
1.69377
1.37171
1.46152
1.77049
1.93586
1.9683
1.63359
1.59445
1.68195
1.9431
1.91032
2.34704
1.5267
1.70203
1.53107
