1.65924
3.14333
2.351
1.68012
1.91623
2.12849
2.2208
1.7273
1.95373
4.47137
4.42379
4.62121
2.12721
3.52839
3.96585
3.42795
3.18469
3.07897
3.54904
2.50629
2.27337
2.29749
2.94467
2.01412
4.48687
5.32625
4.94242
5.07651
4.39917
4.39988
2.59676
4.29101
3.30396
4.10298
4.17273
2.03207
3.26624
3.19666
2.2096
2.42342
2.4383
3.01546
4.48836
4.98353
4.5652
3.71934
3.2379
3.21593
3.56079
2.97395
2.35209
2.52211
1.69474
2.80904
2.87115
2.84975
2.01398
2.27405
2.09112
4.30807
1.84586
3.44872
3.98409
2.94579
2.97171
2.48721
5.24275
5.07371
2.90461
3.94723
4.78627
2.60603
4.99782
4.44235
4.00682
3.18135
2.87926
4.00516
4.92403
4.83448
5.40632
4.14998
4.50042
5.55819
4.09631
5.66628
4.86699
2.33875
4.59342
2.67331
3.38066
3.12015
2.54472
2.49309
3.65194
4.71595
4.86701
5.41325
2.91887
2.95979
2.75253
2.81204
2.31782
2.96166
3.36094
1.81299
2.28986
4.21921
2.85818
1.78989
3.76746
1.89661
3.95344
3.41024
3.31554
2.85427
3.51712
2.60094
2.00712
1.896
1.77019
2.6216
2.61636
2.96017
3.70226
2.31849
2.64893
3.85935
5.45655
4.43974
2.51128
3.81146
4.35546
5.002
3.55323
4.26784
3.61479
3.48448
5.76345
4.6
4.26959
2.7592
3.27707
4.38077
3.67889
4.04397
3.21447
3.67253
4.80303
4.81008
4.64048
2.7216
1.9051
2.42608
2.61151
2.36253
3.17607
2.66356
2.81583
2.22624
4.30756
4.40939
2.92058
1.63334
2.05854
2.30451
2.31707
2.57403
4.28673
4.19213
3.43092
3.96402
2.07102
2.81552
3.20053
4.08837
4.84492
2.40426
4.04281
2.03833
