1.55902
1.51011
1.56348
1.67373
1.65527
1.61721
1.58543
1.39139
1.54243
1.40861
1.43436
1.48214
1.70012
1.38246
1.47092
1.68447
1.71198
1.52764
1.59596
1.60064
1.58937
1.66201
1.42608
1.42743
1.58571
1.37186
1.47648
1.51051
1.53405
1.37358
1.35489
1.40903
1.29433
1.39798
1.39227
1.49653
1.47487
1.45664
1.6416
1.41716
1.37797
1.59523
1.3391
1.34679
1.57763
1.4737
1.65858
1.55492
1.52876
1.60844
1.53332
1.50406
1.39234
1.4505
1.42291
1.40143
1.47776
1.49414
1.43378
1.3746
1.61151
1.55789
1.45575
1.52246
1.57675
1.67139
1.53475
1.53537
1.55895
1.5496
1.76332
1.59271
1.54597
1.44926
1.67492
1.76404
1.89128
1.49422
1.31129
1.42906
1.41774
1.49946
1.62221
1.64451
1.61428
1.61724
1.61292
1.65947
1.65302
1.74669
1.74471
1.73339
1.52501
1.61129
1.40947
1.40945
1.49974
1.56467
1.40636
1.43792
1.36569
1.26706
1.39007
1.32771
1.43717
1.54971
1.7225
1.4849
1.56468
1.52753
1.51817
1.4684
1.42767
1.34748
1.32784
1.56942
1.53596
1.9418
1.65501
1.51264
1.32826
1.88796
1.91589
1.49479
1.61529
1.39675
1.38986
1.7137
1.50904
1.54536
1.90319
1.79482
1.57479
1.76374
1.60346
1.58756
1.53124
1.52491
1.42384
1.47861
1.44147
1.53311
1.64244
1.36791
1.40141
1.5112
1.53135
1.57977
1.62216
1.52266
1.59795
1.71673
1.38905
1.48792
1.46206
1.67137
1.6367
1.67061
1.58114
1.39515
1.46165
1.47269
1.52128
1.43427
1.57996
1.54698
1.48844
1.34379
1.48526
1.5693
1.68284
1.74919
1.44914
1.37005
1.56346
1.66201
1.71242
1.71888
1.47531
1.42027
