1.50701
1.62691
1.61559
1.57136
1.54849
1.64123
1.59478
1.53876
1.67591
1.59442
1.61669
1.64706
1.7105
1.63776
1.71728
1.71817
1.60373
1.52667
1.57325
1.62773
1.58926
1.58629
1.67344
1.44716
1.63954
1.66299
1.6197
1.51926
1.6881
1.62811
1.53172
1.63883
1.59439
1.68234
1.71509
1.77609
1.66719
1.6181
1.80643
1.62288
1.71112
1.75815
1.6465
1.55336
1.69242
1.70153
1.76428
1.77465
1.61264
1.69767
1.7473
1.59789
1.52556
1.6241
1.64415
1.60839
1.6749
1.7171
1.61901
1.63411
1.63286
1.68733
1.64891
1.53919
1.61274
1.68046
1.65926
1.62672
1.66421
1.67201
1.72468
1.60396
1.68845
1.55156
1.61619
1.75997
1.69243
1.58887
1.5926
1.58679
1.60073
1.66249
1.6466
1.72294
1.66006
1.63814
1.64444
1.65591
1.67786
1.62258
1.68099
1.90849
1.82434
1.76286
1.69639
1.62742
1.64913
1.56815
1.54106
1.55064
1.47792
1.3372
1.58323
1.45552
1.56736
1.60443
1.73257
1.542
1.58297
1.60891
1.57824
1.44606
1.54178
1.619
1.5278
1.57021
1.62661
1.66829
1.77599
1.65518
1.45869
1.6612
1.60599
1.58745
1.6102
1.68432
1.60042
1.69079
1.63564
1.73698
1.6543
1.67119
1.63889
1.69632
1.71332
1.63058
1.5793
1.59031
1.57076
1.54027
1.64518
1.58805
1.69886
1.61318
1.67477
1.68907
1.56007
1.65514
1.72169
1.60169
1.77048
1.78838
1.48081
1.60043
1.68345
1.59882
1.59281
1.66568
1.61423
1.54508
1.61369
1.55019
1.51505
1.52745
1.6724
1.69538
1.61331
1.58366
1.6123
1.55696
1.7846
1.55801
1.60359
1.53308
1.57424
1.67752
1.67668
1.80931
1.61254
1.6363
