1.5406
1.4738
1.6
1.65059
1.57253
1.6264
1.59175
1.56714
1.7281
1.59833
1.5965
1.69617
1.74084
1.54601
1.63228
1.68657
1.61388
1.51163
1.53399
1.39473
1.43304
1.58051
1.68493
1.60075
1.60567
1.66231
1.76535
1.45595
1.74951
1.66941
1.50545
1.46975
1.78175
1.61786
1.81456
1.60812
1.63008
1.57563
1.77289
1.61026
1.51995
1.75398
1.61748
1.60208
1.82911
1.81418
1.77117
1.62708
1.76307
1.73716
1.78006
1.59874
1.55036
1.60457
1.68983
1.60654
1.67335
1.64778
1.58175
1.55274
1.52115
1.59251
1.66181
1.53654
1.60667
1.61931
1.6802
1.61809
1.61157
1.66649
1.62283
1.64819
1.63908
1.67241
1.70638
1.64557
1.66183
1.63301
1.62052
1.73011
1.6499
1.67991
1.72295
1.75666
1.72178
1.65602
1.64884
1.61516
1.73447
1.57599
1.69288
1.99983
1.81926
1.72885
1.58077
1.64676
1.67379
1.64032
1.60496
1.6005
1.56192
1.4593
1.71715
1.5083
1.61449
1.67727
1.79816
1.73414
1.78992
1.73878
1.76549
1.59041
1.60411
1.67838
1.67296
1.60374
1.62613
1.60693
1.82063
1.48941
1.2165
1.60557
1.58675
1.66609
1.60803
1.56283
1.53641
1.68023
1.52899
1.61076
1.78315
1.60567
1.56178
1.65558
1.59382
1.56252
1.549
1.51293
1.55434
1.4109
1.42569
1.6084
1.60359
1.64779
1.66159
1.52274
1.61559
1.63036
1.7001
1.55181
1.65306
1.71069
1.45328
1.52018
1.63632
1.56836
1.52803
1.57416
1.46808
1.55261
1.74942
1.67167
1.47859
1.59905
1.63139
1.86583
1.64852
1.50827
1.73062
1.72732
1.69301
1.52038
1.76225
1.56643
1.58792
1.67537
1.59319
1.84797
1.53281
1.55126
