2.17336
2.07667
1.94309
2.02539
2.12205
2.05981
1.80016
1.54203
1.67771
1.67399
1.54791
1.857
2.23032
1.77102
2.03891
1.86973
1.87634
1.70741
1.69786
1.80032
2.06936
2.27026
2.4401
1.71981
1.82903
1.54353
1.77475
2.03943
1.89577
1.87542
1.76624
1.78846
1.72984
1.71707
1.78278
1.86071
1.4966
1.65198
1.6475
1.42781
1.40177
1.69211
1.4622
1.58101
1.8995
2.05558
1.76532
1.89555
1.97578
1.85513
1.87692
1.7481
1.59709
1.78018
1.55086
1.8802
1.63966
1.7387
1.51864
1.59508
1.58715
1.6174
1.51212
1.79187
1.8431
2.22167
1.90697
1.85853
1.76831
1.71261
1.9339
1.96723
1.79844
1.84144
2.10785
2.40177
2.25346
1.72687
1.63292
1.44009
1.59292
1.97656
1.90819
2.12198
2.24041
1.86014
1.98571
2.03696
2.16757
2.2726
2.35087
2.08708
2.2814
1.92988
1.50631
1.52552
1.62943
1.8814
1.88081
1.89071
1.67027
1.58956
1.65528
1.74937
1.75545
1.65372
1.70451
1.62473
1.76645
1.87042
1.60652
1.64757
1.74919
1.54144
1.69481
1.85526
1.6654
2.10512
1.6298
2.28034
1.53781
2.42012
1.8791
1.82082
1.89446
1.63241
2.37844
1.72581
1.69756
2.0206
2.07547
2.09942
2.07727
1.97183
2.20451
1.84535
1.97852
1.91683
1.90815
2.03604
1.86833
1.94426
2.23811
1.67398
1.87014
2.02107
1.94613
1.83984
1.84992
2.02208
2.09166
2.30706
1.4551
1.83549
2.0002
2.04516
1.70649
2.14583
2.15704
1.64284
1.83808
1.74534
1.694
1.93031
1.83737
1.86014
1.66688
1.63101
1.72308
2.01895
2.33658
2.15162
1.69087
1.68491
2.02581
1.88486
1.98622
1.84593
1.49517
1.49455
