1.52361
1.3586
1.50834
1.60096
1.56501
1.54279
1.48383
1.31816
1.38155
1.31834
1.32428
1.38996
1.7167
1.39093
1.43077
1.51603
1.4654
1.44377
1.51064
1.51012
1.61983
1.57081
1.49659
1.44128
1.39825
1.29598
1.43023
1.45189
1.56194
1.39324
1.34507
1.49365
1.47381
1.32052
1.30602
1.38149
1.40722
1.39337
1.34808
1.37841
1.2644
1.45764
1.31681
1.28185
1.49416
1.47473
1.37064
1.50965
1.5254
1.4982
1.40717
1.34635
1.34701
1.31421
1.33019
1.45639
1.43969
1.44636
1.40436
1.28225
1.33403
1.35636
1.39348
1.34361
1.45812
1.4031
1.50609
1.37916
1.32265
1.40754
1.4781
1.26484
1.39734
1.49712
1.60104
1.76577
1.495
1.33244
1.36843
1.36679
1.41793
1.53959
1.43994
1.48759
1.49951
1.38902
1.32557
1.39165
1.38109
1.43419
1.57173
1.55373
1.73475
1.65627
1.52947
1.30512
1.36634
1.3392
1.33211
1.28935
1.25334
1.23814
1.39868
1.27927
1.32819
1.35062
1.35736
1.31675
1.27688
1.36206
1.26273
1.31661
1.31657
1.30516
1.27078
1.39356
1.3915
1.43836
1.58426
1.33121
1.27654
1.49538
1.38655
1.43348
1.53034
1.44371
1.33558
1.45922
1.43564
1.47966
1.50722
1.51333
1.48827
1.56318
1.45319
1.52212
1.45165
1.45481
1.42151
1.45642
1.5212
1.34952
1.56646
1.4579
1.51539
1.50413
1.3803
1.41748
1.49635
1.45321
1.57919
1.49992
1.28983
1.39246
1.2887
1.54728
1.40239
1.42197
1.51595
1.40759
1.32787
1.49451
1.41641
1.26839
1.33971
1.36948
1.36353
1.22048
1.35363
1.37893
1.41207
1.50913
1.4788
1.41154
1.48908
1.45678
1.48268
1.43164
1.35179
1.24548
