1.98594
2.15557
2.7519
2.19995
2.58113
2.71937
1.78494
1.83119
1.7535
1.65702
1.70434
1.66549
2.41505
1.72975
2.81177
1.87077
2.00294
1.97687
1.68838
2.48689
2.99002
3.20297
2.18681
1.72411
1.83669
1.82427
1.91398
1.92075
2.85668
2.37752
1.69332
1.67944
1.70851
1.71641
1.69815
2.0594
2.04206
1.68877
2.18506
1.83187
1.69533
1.74196
2.2312
1.53817
1.99022
2.83694
1.60621
2.02925
2.29042
2.31466
1.73263
1.7196
1.78424
1.62178
1.8594
1.97335
1.52326
1.46267
1.65918
1.68766
2.35404
2.59028
1.93464
1.68484
1.53754
2.18702
1.76262
1.66721
1.65203
1.56138
1.66722
1.5253
1.64959
2.24661
2.16513
2.17314
2.09059
1.91665
1.7607
1.83353
1.67626
1.97048
1.69289
1.62398
1.84509
1.71496
1.49515
1.84579
1.75952
1.80074
1.85473
2.44128
2.67257
1.97699
1.83783
1.70083
1.76226
1.65387
1.72966
1.76149
1.69655
1.65635
1.92528
1.66568
1.70966
1.85914
1.73393
1.90704
1.87124
2.64675
1.67273
2.18322
1.90274
1.87387
1.86007
1.85044
1.60722
1.98444
1.84022
2.09315
1.41001
3.33344
2.15088
1.81588
1.73998
1.44937
1.75939
1.84324
1.88362
1.93977
3.8934
2.50293
2.28555
3.8519
3.46347
1.93937
3.20406
2.24816
2.00178
1.93708
3.31603
2.78704
3.33795
1.63999
1.79253
1.79736
1.85229
1.80308
1.87007
2.19019
2.76863
2.91829
1.62742
1.92762
1.62184
3.16068
2.47456
2.67099
2.1354
1.85287
1.68287
1.68107
1.75206
1.9633
1.71381
2.56377
1.90431
1.63042
1.66878
1.67903
2.27153
5.46805
1.79808
1.75242
1.75886
2.13044
2.23913
2.08766
1.73117
2.26433
