1.0766
1.3201
1.32274
1.11233
1.31842
1.368
1.49742
1.23662
1.14038
1.08132
1.23564
0.952526
1.29322
1.12361
1.20755
1.24848
1.20737
1.35814
1.06903
1.38684
1.25534
1.50851
1.22796
0.89976
1.20062
0.833057
1.04917
1.40191
0.923696
1.00452
1.30398
1.05182
1.1771
1.17454
0.906169
1.25401
1.11975
0.866739
0.959691
1.32876
0.893825
1.08736
1.21232
0.787588
0.7906
1.18592
1.08786
1.09608
0.936133
1.33381
1.01319
1.13686
1.18035
1.01637
0.915482
1.04908
0.997075
0.951969
1.07744
1.22721
1.26777
1.12525
1.11432
1.16352
0.986729
1.763
1.08251
1.05443
1.23846
0.848074
0.939447
1.15754
1.15157
1.21011
1.29866
1.40665
1.26873
1.17205
1.24711
1.26019
1.46871
1.43738
0.966196
1.13778
1.01597
1.18805
0.984187
1.11885
1.41177
1.40502
1.49974
1.6071
1.31836
1.13867
0.980798
1.06088
1.05046
0.717135
1.25356
1.29355
1.33436
1.54367
1.07182
1.38633
1.3271
0.917718
1.13989
1.32344
0.915995
1.06292
1.09886
1.06156
1.27685
1.25568
1.35973
1.20931
0.998873
1.23787
0.978608
0.913034
0.791553
1.12412
1.18679
1.27614
1.39857
1.08542
0.96626
1.15617
1.13969
1.07392
1.07986
1.24827
1.22011
1.31024
1.08989
1.27843
1.18993
1.29638
1.17824
1.3069
1.22794
1.34449
1.21875
0.868073
1.15669
1.0978
1.15032
1.11552
1.04104
1.19477
1.07062
1.12573
0.940554
1.17629
0.714113
1.19969
1.3239
1.32277
1.13134
0.902688
0.889875
0.860742
1.02257
1.05941
0.94045
1.18685
0.952683
1.22697
1.28563
1.29628
1.23653
1.11316
1.15018
1.13331
1.3682
1.17234
1.33368
1.0016
1.28154
1.10859
