1.617
1.44875
1.42909
1.56011
1.57056
1.44925
1.3728
1.30211
1.29321
1.2591
1.42108
1.32622
1.70148
1.25129
1.51333
1.64666
1.32786
1.40093
1.50068
1.4896
1.44602
1.35964
1.74648
1.45625
1.52434
1.42376
1.43069
1.48503
1.53437
1.27202
1.24276
1.20901
1.24237
1.29048
1.14365
1.2496
1.25302
1.22539
1.54087
1.35879
1.27734
1.43025
1.47073
1.28102
1.63832
1.54424
1.33935
1.59278
1.61544
1.33819
1.32135
1.26651
1.24338
1.26463
1.32381
1.55797
1.27418
1.29893
1.30133
1.22343
1.21039
1.46009
1.36096
1.34846
1.31699
1.28396
1.38857
1.32721
1.41355
1.35123
1.36668
1.53152
1.36007
1.59827
1.65898
1.53575
1.44104
1.44743
1.38009
1.3071
1.45833
1.44024
1.32403
1.30325
1.42941
1.35365
1.4277
1.51489
1.34954
1.62122
1.50616
1.27526
1.45185
1.26595
1.67905
1.2909
1.20893
1.21529
1.54486
1.40324
1.24844
1.14197
1.37656
1.40702
1.26385
1.16248
1.51266
1.38264
1.19951
1.26369
1.20832
1.18722
1.42506
1.19676
1.27141
1.23483
1.28553
1.28597
1.34818
1.06035
1.28028
1.42363
1.54104
1.65322
1.37616
1.16524
1.34389
1.27055
1.33226
1.53774
1.4408
1.58994
1.50869
1.4815
1.29204
1.6084
1.55064
1.45757
1.43805
1.60497
1.3954
1.37825
1.48354
1.21427
1.3398
1.35723
1.4098
1.42517
1.45233
1.4753
1.65049
1.6199
1.28442
1.31539
1.20923
1.59142
1.30864
1.48675
1.5063
1.30847
1.39535
1.29993
1.23967
1.49122
1.24685
1.35878
1.19628
1.1787
1.40785
1.38659
1.50216
1.58872
1.54307
1.32508
1.59318
1.46317
1.44657
1.41509
1.23674
1.29023
