1.86868
1.61983
1.72694
1.80632
1.77197
1.75148
1.78024
1.5187
1.60834
1.52403
1.86345
1.6414
1.78275
1.78334
1.86039
1.65982
1.85308
1.65272
1.71134
1.65561
1.62557
1.75525
1.80174
1.4803
1.72025
1.5289
1.73374
1.65432
1.51857
1.81414
1.66699
1.76137
1.90464
1.79577
1.78448
1.59823
1.62618
1.68209
1.53648
1.64692
1.4942
1.54847
1.55291
1.36442
1.53966
1.43706
1.60683
1.90409
1.46018
1.70836
1.56935
1.55501
1.49
1.39972
1.32602
1.6441
1.63145
1.56715
1.48202
1.53584
1.74075
1.84361
1.68894
1.61003
1.67032
2.0919
1.66746
1.68741
1.7228
1.64741
1.71407
1.7264
1.66072
1.68124
1.67532
1.78014
1.7965
1.70379
1.71293
1.65002
1.67028
1.80863
1.52964
1.72241
1.80546
1.62023
1.77226
1.79434
1.7127
1.82466
1.76309
1.76308
1.83415
1.86148
1.65823
1.61563
1.60204
1.65219
1.51778
1.55838
1.57134
1.42445
1.81817
1.70281
1.73852
1.48075
1.65806
1.63666
1.46339
1.65504
1.54242
1.59198
1.65551
1.5772
1.6436
1.69585
1.6527
1.88238
1.75563
1.601
1.68896
1.73362
1.77899
1.6563
1.75516
1.57675
1.55112
1.68732
1.69894
1.73402
1.85614
1.73581
1.69787
1.80713
1.69475
1.65077
1.63155
1.73934
1.71059
1.67015
1.67201
1.68812
1.6525
1.66792
1.63888
1.71522
1.76474
1.68574
1.74009
1.85434
1.70004
1.58897
1.58355
1.6791
1.58988
1.6713
1.68553
1.70034
1.76385
1.50683
1.79793
1.71238
1.67122
1.59309
1.58449
1.75204
1.56282
1.50452
1.58969
1.73253
1.66979
1.71704
1.66332
1.56891
1.74937
1.71667
1.87963
1.67483
1.62955
1.71631
