1.73909
1.63378
1.59559
1.69314
1.63717
1.59292
1.54445
1.46893
1.44411
1.57096
1.70585
1.53359
1.54945
1.67967
1.76046
1.58016
1.57993
1.56609
1.76444
1.71509
1.5202
1.628
1.9623
1.41307
1.62042
1.34388
1.56973
1.49224
1.65263
1.65397
1.71502
1.68739
1.74674
1.77391
1.65728
1.52844
1.57223
1.59111
1.35951
1.55644
1.48861
1.45901
1.62817
1.49918
1.57862
1.7895
1.40225
1.52346
1.52965
1.6222
1.55631
1.54324
1.50657
1.54581
1.38477
1.76956
1.55219
1.49015
1.44718
1.41498
1.45877
1.52447
1.49733
1.5416
1.56286
1.83362
1.63081
1.59896
1.48761
1.5124
1.56941
1.63401
1.70518
1.56807
1.68292
1.71276
1.56517
1.5897
1.62683
1.75355
1.655
1.77921
1.6509
1.60871
1.6578
1.53353
1.58134
1.61198
1.53498
1.62975
1.86095
1.77417
1.91752
1.73063
1.4916
1.61212
1.61311
1.51903
1.56534
1.58846
1.58275
1.55539
1.54771
1.4871
1.56355
1.6318
1.50555
1.56362
1.60348
1.69607
1.54836
1.68143
1.64384
1.5266
1.48819
1.5569
1.49052
1.56189
1.58096
1.49103
1.4909
1.86988
1.47094
1.47091
1.64973
1.60387
1.53782
1.60189
1.53711
1.60821
1.56959
1.69829
1.7447
1.67028
1.57094
1.62458
1.81443
1.73007
1.56612
1.51919
1.57291
1.58027
1.80339
1.53664
1.60577
1.63324
1.57608
1.54724
1.54642
1.70028
1.75699
1.65592
1.45411
1.46702
1.51101
1.70229
1.56315
1.73444
1.69362
1.55018
1.50311
1.68224
1.57842
1.41413
1.4002
1.78839
1.62569
1.47114
1.52587
1.55349
1.67098
1.59595
1.57967
1.45408
1.63534
1.48714
1.62591
1.56137
1.5387
1.43251
