1.15451
1.65593
1.6281
1.30621
1.77872
1.70449
1.32148
1.93798
1.91322
2.07785
1.72608
1.91041
2.20825
1.55895
1.65679
1.56683
1.66243
1.527
1.67075
1.86648
2.05054
1.99764
1.47354
0.896538
1.33538
1.47807
1.22979
1.13535
1.46409
1.08007
1.23192
1.33483
1.15397
1.2874
1.25688
1.76226
1.82437
1.24246
2.16995
1.89883
1.69333
1.60999
1.68753
1.704
1.51681
1.99236
2.2729
1.95149
2.2074
2.02735
1.80218
1.73112
1.66887
2.97864
2.21944
1.75562
1.52218
1.65827
1.34192
1.91203
1.11855
1.33175
1.40778
1.00883
0.9023
1.44632
1.59969
1.45766
1.13166
1.28871
1.24048
1.30315
1.67957
1.46095
1.56351
1.25033
1.67717
1.34575
1.35575
1.25722
1.29855
1.40256
1.6033
1.57199
1.43027
1.34392
1.38482
1.45132
1.82035
1.66579
1.72606
1.40936
1.6049
1.09382
1.62022
1.8156
1.48956
1.66721
1.29609
1.38041
1.62176
1.44566
0.891236
1.35715
1.44068
0.98147
0.995538
1.1105
0.932375
1.03202
0.988408
1.11623
1.19439
0.995261
1.29253
1.33692
1.54649
1.31669
1.02253
0.998758
0.628419
1.08545
1.01183
0.72869
1.41774
1.01698
0.981791
1.29581
1.59029
1.51234
1.07387
1.35216
1.50905
1.45647
1.20407
1.34757
1.51226
1.68604
1.33467
1.30502
1.51253
1.82296
1.66829
1.36851
1.76269
1.40078
1.72282
1.6819
1.92808
1.54849
1.86096
1.93568
0.709984
1.01134
1.02361
1.60997
1.70619
1.66307
1.65735
0.980533
1.39458
1.28316
1.05081
1.14196
1.16841
1.21482
0.995027
0.969275
1.38521
1.59754
1.48454
1.18482
0.822073
0.872402
1.03356
1.33984
1.57773
1.07908
1.40397
1.03168
