1.01448
1.69853
1.47725
0.928407
0.991955
1.1426
1.3195
1.31348
1.26044
1.72319
2.50088
2.06226
0.943094
2.04541
1.95592
1.08345
1.67906
1.44038
1.23149
1.00967
1.19379
1.32418
1.70577
1.87992
2.02308
1.48769
2.41727
2.15548
1.80602
2.58995
1.74669
1.96384
2.17533
2.16002
2.2501
1.69849
2.30209
1.94658
1.16326
1.88938
1.5953
1.55155
1.35062
1.34141
1.68286
1.66887
1.7819
2.46107
1.60358
1.83456
1.42089
1.79308
1.17932
1.36723
0.69923
1.93013
1.53856
1.84012
1.79054
2.21074
2.13633
2.10068
2.00881
2.05357
1.86976
2.25658
2.2252
1.91213
2.08413
1.74254
2.15816
2.07946
2.35414
2.34819
1.85527
2.19213
2.08357
2.09365
2.0985
2.70693
1.95908
2.01191
1.91138
1.95008
1.92625
2.00831
2.04368
2.15529
1.98493
2.36826
2.24274
1.8633
1.87956
1.51411
2.77242
1.90563
1.95119
1.89298
1.82214
1.87047
2.4972
2.18188
2.04139
2.11813
2.46956
1.2431
1.88459
2.09589
1.22802
1.39563
1.53454
1.45248
1.94157
1.8873
1.79352
1.71905
2.31192
1.18432
1.53838
1.16662
1.2883
1.22592
1.64339
1.62735
2.36052
1.45357
1.28658
1.99782
2.45917
2.16405
1.73482
1.96403
1.70633
1.66952
1.65947
1.71127
1.77794
1.6715
2.37793
1.96908
1.98186
1.67685
1.47142
2.12846
2.16134
1.79099
2.01822
2.03416
1.96758
2.16524
1.82351
1.25485
0.953171
1.56258
1.16974
1.49218
1.47388
1.06346
1.24064
1.16155
2.42734
2.36442
1.25426
1.52952
1.76734
1.52835
1.61255
1.48613
1.97422
2.13731
1.92634
1.67562
2.07057
1.68712
1.88818
1.8464
1.85462
1.60702
2.23688
1.84167
