0.962648
1.25062
1.05865
0.919164
1.24014
1.38974
1.45679
1.30007
1.19474
1.14395
1.41433
1.32633
1.41449
0.903269
1.08347
1.32345
1.15127
1.20663
0.961032
1.58083
1.6308
1.52367
1.15601
1.05866
1.03998
1.04172
0.840615
1.12951
1.04724
0.916813
1.06708
0.984858
0.999507
1.07202
1.02038
1.23299
1.15073
1.02951
1.1622
1.13511
1.02619
0.986731
1.10974
1.12236
0.992534
1.31665
1.28052
1.3068
1.21394
1.14236
1.20709
1.27788
1.10327
1.17337
1.19275
1.27917
1.02404
0.541783
0.859321
1.15231
1.37343
1.70391
1.30635
1.63913
1.41321
1.08704
1.64323
1.56052
1.57972
1.30556
1.4865
1.51311
1.46778
1.42613
1.42692
1.33509
1.46147
1.3582
1.24852
1.21304
1.48773
1.80959
1.82643
2.28212
2.0065
1.75699
1.73587
1.32938
1.66431
1.57112
1.52166
1.04184
1.3299
1.11517
1.29338
1.34633
1.35494
1.28153
1.11954
1.12425
1.19988
1.4151
1.06723
1.38736
1.13812
0.799794
0.934017
1.50081
1.04004
0.950391
1.02461
0.974833
1.25979
1.14887
1.21978
1.03313
1.10168
1.05877
0.966717
0.891259
0.842295
1.00963
1.0052
0.981662
1.13185
0.980761
0.957481
0.924051
1.21152
1.07885
0.992967
1.03671
1.36446
1.19864
1.08155
1.25227
1.134
1.25359
1.10204
1.04749
1.18291
1.13268
1.23419
1.08652
1.27615
1.391
0.988709
1.12902
1.30117
1.26232
1.23877
1.31049
0.893904
1.40846
0.800024
1.72157
1.44153
1.237
1.28968
1.25931
0.886584
0.987765
1.04142
0.958363
1.14987
1.11356
0.861923
1.15847
1.20625
1.67836
1.56772
1.13684
1.01578
0.999134
1.05664
0.947347
1.24826
0.820943
1.42637
1.2785
