2.0913
1.80689
1.82968
1.83514
1.63023
1.80337
1.75952
1.46641
1.4651
1.77682
1.83847
1.73211
1.48221
1.91256
1.88927
1.56144
1.69013
1.61451
1.64984
1.88365
1.79697
1.90547
2.13406
1.68822
1.69622
1.12617
1.77777
1.65642
1.57491
1.76192
1.85458
1.70429
1.79866
1.77084
1.65079
1.46278
1.58876
1.65268
1.29255
1.80404
1.64949
1.5946
1.45689
1.48001
1.49624
1.65823
1.62048
1.71759
1.44952
1.65882
1.57875
1.75115
1.52148
1.5554
1.33224
1.78759
1.46523
1.65626
1.4992
1.51995
1.48656
1.3873
1.52595
1.36375
1.37204
1.47443
1.65822
1.53053
1.38905
1.39358
1.52599
1.56811
1.72758
1.55063
1.49195
1.5259
1.56521
1.66782
1.78821
1.84151
1.76799
1.72607
1.64635
1.57111
1.65353
1.58527
1.50679
1.59462
1.50145
1.61217
1.7087
1.57789
1.84287
1.53042
1.98464
1.78941
1.61517
1.49073
1.68791
1.5945
1.62826
1.76289
1.71213
1.74198
1.56757
1.22398
1.27331
1.58038
1.22038
1.1773
1.27541
1.25353
1.70484
1.40231
1.59538
1.35479
1.6493
1.19263
1.36935
1.04133
1.61457
1.29694
1.18719
1.4565
1.68443
1.54941
1.32124
1.4379
1.60533
1.5448
1.20419
1.51049
1.61648
1.49361
1.44054
1.64523
1.70826
1.77725
1.69455
1.64976
1.70033
1.81903
1.82445
1.45158
1.65384
1.69651
1.5411
1.5642
1.39746
1.63747
1.67548
1.60694
1.43283
1.62199
1.48651
1.91694
1.70611
1.73119
1.85662
1.39989
1.59222
1.72907
1.56018
1.41616
1.33745
1.34249
1.31896
1.77877
1.4788
1.50539
1.63512
1.29418
1.77245
1.62798
1.65681
1.23097
1.55072
1.18886
1.45413
1.49092
