1.8981
2.2178
2.17686
1.91278
1.72114
1.7939
1.77226
1.6503
1.82529
2.29268
2.25746
2.15602
1.79498
2.20098
3.09468
1.9506
2.59453
2.4373
2.03086
1.91079
1.94466
1.82936
1.95553
1.75837
2.91087
1.91858
2.95279
2.8131
3.62438
3.01119
2.33713
1.86339
2.54441
2.38609
2.6539
2.65845
2.35685
1.8521
2.65167
1.79112
1.81651
2.54082
2.05821
2.12872
2.9589
3.1817
1.98799
2.81727
2.98935
3.4834
1.82704
2.05133
1.55077
1.93058
2.00655
1.63817
1.86501
2.03312
1.6631
1.8267
1.86461
1.81516
2.20109
1.86562
2.10444
1.99211
2.71266
2.62424
1.82413
2.44641
2.0679
1.81015
2.30767
1.95133
1.92866
1.78868
2.00843
2.00692
1.95529
2.26887
1.83364
1.79203
1.92028
2.00295
1.82173
1.89027
1.79918
2.4301
1.88191
1.9262
1.88785
2.00261
2.30583
1.91912
3.14189
2.30754
2.62579
2.66157
1.77204
1.84971
1.90445
1.83517
1.96282
2.07578
2.3843
1.91781
2.31348
2.05087
2.02898
2.03035
1.80807
1.91407
1.98434
2.06575
2.01142
2.45422
2.24078
2.7599
2.55866
2.41627
2.16839
2.87252
1.9848
1.85079
1.9668
2.48781
2.6765
2.10885
2.76041
3.2103
2.21716
2.83466
3.75494
3.10751
2.72127
3.07427
3.38878
2.48378
2.77556
2.81747
2.52563
2.45045
2.35861
3.21763
3.5016
2.95501
2.30256
2.55689
3.48194
3.75819
3.36976
2.00571
1.63507
2.00135
2.63957
2.07951
2.33281
1.7939
1.88836
1.9994
2.49078
2.06927
2.31954
2.44516
2.21867
2.14954
1.87458
1.70893
1.80343
1.82121
1.93492
2.46626
2.06738
1.66928
2.08514
2.48234
3.44607
2.04685
1.80184
1.71231
