1.80651
2.11956
1.9321
1.99872
2.27601
2.22469
2.02995
1.48142
1.6206
1.862
2.05497
1.80737
2.20576
2.24516
2.75999
1.8822
2.35566
2.38458
2.31502
2.11546
2.08638
2.04519
2.41205
1.58177
2.20708
1.7893
2.37462
2.15713
2.44464
2.65868
1.88489
1.83687
2.20127
2.67048
2.38304
1.99058
2.07367
1.89156
1.90962
1.78826
1.73887
2.20675
1.70922
1.84096
2.10725
2.71974
2.21563
3.65332
2.62611
3.36797
1.68933
1.69394
1.4852
1.68956
1.46267
1.67884
1.77741
1.92791
1.76369
1.74096
1.78272
1.84301
2.21172
1.66352
1.7568
1.63364
2.25129
1.83402
1.72401
2.04656
1.79717
1.62797
1.90419
1.7473
1.55043
1.62555
1.77545
2.09188
2.06905
2.41222
1.92278
1.76736
2.00209
1.7806
1.79308
1.69309
1.70384
1.78721
1.8038
1.7813
1.88661
2.19237
2.12037
1.91414
4.62663
2.27511
2.64224
1.93332
1.62514
1.72508
1.62203
1.33781
1.82094
1.72358
2.03825
1.77134
1.93209
1.70874
1.67742
1.85076
1.72361
1.86677
1.71666
1.75061
1.80066
2.05041
2.65847
2.25467
2.25651
2.06567
1.68871
2.31049
2.03188
1.72868
1.8949
2.2055
2.39994
1.96237
2.09736
2.69213
2.0833
2.72355
3.61712
3.21291
2.8781
3.15186
2.87218
2.48927
2.27656
2.72074
2.74466
2.00792
2.48598
3.93565
4.77188
3.25509
1.94682
2.44093
3.60428
3.11503
4.37335
1.80313
1.72238
1.80818
2.38422
2.1429
1.93362
2.00113
1.94516
1.89982
2.48895
2.33755
2.21712
1.7412
1.69046
1.83192
1.74711
1.52356
1.69136
1.66594
1.76121
2.27714
1.77049
1.65105
1.75371
2.2628
3.23358
1.82208
1.89909
1.70582
