1.01142
1.09713
1.10276
0.991961
1.19119
1.26612
1.06131
1.37602
1.25753
1.25962
1.29414
1.30358
1.39693
1.21266
1.18304
1.29646
1.06297
1.08274
1.21722
1.42605
1.46106
1.1616
1.1885
1.10023
1.1536
0.773945
1.07481
1.3389
0.934565
1.03234
1.07136
1.11831
1.06827
1.25281
1.01462
1.32057
1.11954
1.10304
1.08632
1.37291
1.25442
0.94224
1.02422
0.781761
0.987248
0.892681
0.990789
1.16564
1.05621
1.05844
1.40576
1.16324
1.17394
1.2513
0.966503
1.41333
1.15964
1.44097
1.03733
1.20643
0.889778
1.08803
0.912088
0.927389
0.834559
1.31605
1.03632
1.24743
0.874503
0.787944
1.14875
0.846776
1.41788
1.43229
1.416
1.3745
1.18694
1.30822
1.18797
1.30156
1.16533
1.14613
1.15028
1.1377
1.00073
0.935866
1.03596
0.952588
1.03317
1.0827
1.43093
1.38861
1.11095
0.976156
1.16208
1.09106
1.22902
0.937762
1.41287
1.35482
1.47344
1.35036
0.88485
1.15709
1.32877
1.07519
0.984703
1.31932
0.954995
1.0332
1.1694
0.975174
1.17064
1.40479
1.39461
1.12746
1.15411
1.31521
1.10331
1.08117
0.917646
1.14159
0.935342
0.972996
1.17987
1.15787
0.868577
1.03034
1.15137
0.953102
0.875329
0.99804
1.16249
1.2674
1.07674
1.19871
1.23562
1.15071
1.23551
1.12733
1.29201
1.14326
1.25766
1.05279
1.15901
1.26393
1.34664
1.22513
1.05485
1.19067
1.23139
1.33323
1.04382
0.896946
0.985056
1.41939
1.20911
1.43213
1.26989
0.972002
1.1035
1.13627
0.997335
0.925393
0.744788
1.10267
0.950599
1.24661
1.45297
1.302
1.21371
1.12081
0.903757
0.989464
1.25275
0.961007
0.938989
0.667876
0.966325
0.973702
