0.855529
1.27294
0.974976
0.844073
1.05733
1.1204
1.0431
1.2716
1.22292
1.22643
1.50361
1.51113
1.32003
1.22124
1.19904
1.34869
1.34822
0.99034
1.17376
1.23034
1.21586
1.20238
1.17873
1.21423
1.14471
1.06857
1.06544
1.24467
0.943799
1.04838
1.08381
1.00645
1.16256
1.1126
1.03261
1.06487
1.14888
1.24554
0.88606
1.43032
1.26531
0.915747
1.27158
0.920566
0.927257
1.12738
1.01529
1.13657
1.01077
1.31845
1.13992
1.13769
1.24011
1.20324
1.05665
1.2669
1.20446
1.18931
1.24254
1.21496
1.27173
1.3986
1.26144
1.34981
1.39081
1.33775
1.10515
1.15776
1.34065
0.925933
0.900401
1.28166
1.21651
1.21496
1.32118
1.2889
1.09709
1.21523
1.30836
1.78642
1.14835
1.24406
1.27232
1.01281
1.07706
1.20687
0.962723
1.32369
1.14604
1.17083
1.40668
1.37793
1.24557
1.24668
1.36973
1.20767
1.13053
0.884697
1.18002
1.29227
1.34458
1.47943
1.09205
1.27331
1.23365
0.906138
0.916597
1.49347
1.05124
1.06879
1.0909
1.02013
1.19982
1.4247
1.40558
1.21519
1.23292
1.22108
1.23726
1.04507
0.769471
0.942911
0.820629
1.06262
1.23114
1.18676
0.922176
0.997666
1.16468
1.06767
0.956978
0.914928
1.15984
1.08581
1.0457
1.00295
1.08242
1.09606
1.20027
1.18382
1.31606
1.08696
1.23445
1.35782
1.21532
1.13181
1.36683
1.21214
1.17297
1.18551
1.17462
1.28601
0.904732
0.908837
0.830752
1.41113
1.26726
1.35969
1.29293
0.695512
1.09103
1.00216
1.11179
1.15893
1.22596
1.20312
0.900237
1.1767
1.48793
1.18391
1.07828
1.13746
1.14672
1.06582
1.1954
0.937803
1.04641
0.891719
1.32242
1.13206
