1.57509
1.74733
1.62871
1.69215
1.82578
1.5946
1.38366
1.50794
1.62949
1.50783
1.53891
1.60842
2.03379
1.2829
1.38848
2.04451
1.73972
1.56652
1.57102
1.63798
1.96819
1.5694
1.67431
1.34122
1.66255
1.39445
1.23901
1.58338
1.3804
1.39008
1.31557
1.42973
1.40236
1.49298
1.35298
1.606
1.29428
1.23097
1.71441
1.20791
1.37685
1.59978
1.29652
1.38096
1.48448
1.69622
1.78998
1.41018
1.40997
1.78813
1.69965
1.55871
1.42302
1.61265
1.48527
1.56882
1.36073
1.44819
1.48475
1.31641
1.37473
1.38993
1.3509
1.49207
1.52409
1.83672
1.51798
1.43941
1.50112
1.46862
1.46912
1.49446
1.59757
1.47774
1.71346
1.83986
1.60358
1.44117
1.46859
1.26684
1.57819
1.63881
1.59364
1.45087
1.53233
1.40002
1.40877
1.61433
1.54873
1.60102
1.70522
1.43237
1.74197
1.52543
1.3356
1.3889
1.42519
1.36643
1.55707
1.51071
1.39619
1.14801
1.21075
1.41632
1.45101
1.19507
1.5736
1.32705
1.30189
1.29806
1.34848
1.21517
1.61551
1.18755
1.33095
1.54418
1.41485
1.41986
1.48807
1.3669
1.12046
1.77294
1.51379
1.4263
1.53195
1.40873
1.3414
1.43803
1.35423
1.61566
1.54306
1.75266
1.68053
1.65332
1.50585
1.60537
1.60747
1.5873
1.52573
1.35754
1.60066
1.47377
1.8824
1.48743
1.71259
1.75207
1.49897
1.49452
1.65488
1.67282
1.78379
2.05734
1.21993
1.28614
1.24859
1.71679
1.51961
1.86312
1.45594
1.15333
1.21359
1.30507
1.39142
1.30054
1.3728
1.43538
1.22721
1.25001
1.32591
1.57123
1.52444
1.7974
1.38577
1.51012
1.57401
1.5151
1.63252
1.39754
1.39076
1.59811
