3.61571
6.48635
6.64761
4.53826
5.35042
5.55173
5.13964
2.17001
3.01355
4.7194
4.5855
4.74432
5.79503
5.47109
7.01724
7.0625
6.81651
4.67302
6.79584
6.37504
5.24285
4.9256
6.2887
3.14245
5.25244
4.07674
7.81182
6.36953
7.30935
7.37425
6.00944
4.80544
6.70109
6.26139
6.78747
4.52022
5.88332
5.83742
5.42749
3.50869
3.48944
6.43601
4.37363
4.29305
6.95349
7.25108
7.76442
6.28474
6.84701
6.57486
3.61617
5.10405
2.58052
2.98356
2.93166
2.79154
3.39039
3.1759
3.38999
3.92989
2.23058
3.59495
4.82709
3.4145
2.81584
3.28843
5.6651
5.28607
3.59561
3.66125
4.29395
3.36342
5.81941
3.99221
3.70968
2.79158
3.90507
3.43129
5.66539
4.9772
5.75153
5.03614
5.80898
5.18602
4.96904
5.15355
3.95661
2.90844
3.81316
3.23319
2.94758
2.7578
2.81316
2.27653
6.26173
5.54595
5.44268
3.96696
3.07522
3.58572
3.79083
2.60879
2.46934
4.42349
5.12333
1.94895
2.96371
3.18185
2.33345
1.85305
2.25692
1.92907
3.32734
2.42897
2.5075
4.62614
5.83728
3.93382
3.03815
2.42263
3.23246
2.54099
2.58822
4.45664
4.31175
2.80716
3.2231
3.83156
5.55805
5.33895
2.4307
3.31221
4.59809
4.23438
3.51034
4.32202
5.00791
5.48308
5.50312
5.63395
6.39059
6.01794
5.59509
6.55398
6.79793
6.77628
4.34803
5.64685
6.01947
6.48987
6.01913
6.38051
3.89045
4.49155
3.18856
4.61448
5.65201
5.09197
4.80025
3.574
7.17436
6.75809
4.19619
1.84765
1.9254
2.25976
1.94046
2.13235
3.47169
3.96437
4.60636
3.10258
2.69439
4.30038
4.1156
3.88673
4.2937
2.19206
4.15983
3.33185
