4.33462
6.15096
6.86441
5.30518
6.56437
6.70179
5.15053
2.5167
4.11801
5.16777
5.47324
5.43397
6.97196
7.05785
7.72562
7.74892
7.29861
5.50714
7.16197
6.98134
7.70608
6.14162
6.9644
4.29473
6.40853
5.17672
7.8859
6.14359
8.11277
8.29921
6.69838
4.98248
7.81768
7.05124
6.8342
3.8335
7.1152
5.98544
4.7251
4.07276
4.20987
6.69178
4.91262
4.61924
7.62942
9.5002
7.12086
7.40079
8.5116
7.26675
4.99167
6.31848
3.31267
3.42117
3.06774
3.15894
3.50292
3.35717
3.51969
4.5985
2.6478
3.876
5.06228
3.6291
3.51317
4.03474
5.54276
5.66732
3.8959
4.67865
4.76637
4.38485
6.4573
4.56574
4.38613
3.98686
4.77913
3.69722
5.20563
5.10028
6.061
5.87419
6.46238
5.93058
5.78644
5.49103
4.23092
3.36105
5.77425
4.73137
4.3221
3.23834
3.68127
3.01409
6.8448
5.96753
6.7724
4.92084
3.61785
3.73366
3.68237
3.29488
3.7166
4.89817
5.03997
2.22068
3.39742
3.28537
2.60122
2.09461
2.67977
2.27203
3.10759
2.67629
2.74752
4.88289
6.08222
2.88351
3.04284
2.93376
4.68239
3.51782
3.14171
5.72504
4.78851
3.09954
4.15804
3.70298
5.22129
5.8653
2.76439
5.31324
5.75766
4.91476
4.23172
5.06553
6.26635
5.49466
5.42574
5.72094
6.06801
6.8747
6.94821
6.69318
6.62686
7.40126
4.2263
5.89845
7.08702
6.99374
6.8714
6.81015
3.90922
4.59988
4.00967
7.08019
6.55206
6.46161
6.86714
5.23631
7.25954
6.66947
4.02192
2.06359
2.53385
2.4424
2.55539
2.82303
3.74398
5.15549
4.75834
3.25101
3.94912
5.02937
5.57314
4.58038
7.09546
2.57944
4.38748
3.06638
