1.48401
2.16365
1.6336
1.52301
1.47391
1.56646
2.0092
1.39495
1.60597
1.47475
1.42489
1.49487
1.42512
1.71682
2.49771
1.36
1.7698
1.88053
1.56066
1.64317
1.45279
1.78053
2.39048
1.52172
1.76308
1.62307
2.56268
1.75957
2.64066
2.69078
1.97013
2.28844
2.28777
2.28368
2.22596
2.41176
2.60522
2.35216
2.09753
2.16334
1.94093
1.98501
1.79792
1.56172
2.34301
2.22957
2.35545
1.74799
2.04683
2.07659
1.53954
1.87277
1.42597
1.24173
1.40034
1.27316
1.77994
1.71307
2.00331
1.99981
1.89916
2.28096
2.23062
2.22461
1.87801
2.11919
2.26349
2.45591
2.06065
1.75853
2.13943
1.91087
2.24778
1.73852
1.88188
1.57897
2.22628
1.43864
2.22193
2.08561
2.40382
2.38567
2.47553
2.35458
2.44642
2.4295
2.10697
1.91328
2.32294
2.06118
2.00152
1.81115
1.8402
1.53043
1.86826
1.95806
1.97797
1.7984
1.58289
1.78032
2.02492
2.00833
1.6583
1.80906
1.77855
1.21107
1.62162
2.09667
1.412
1.28403
1.44392
1.42056
1.95926
1.76378
1.83859
1.36354
1.93473
1.39072
1.4842
1.05583
0.986068
1.19705
1.34176
1.80188
1.99369
1.21512
1.16188
1.68318
2.37555
1.78077
1.21919
1.32841
1.86354
1.56299
1.41639
1.88981
1.95413
2.10662
2.0171
1.87497
2.05204
1.89151
1.74933
1.88623
2.15135
1.84279
1.79715
1.76319
1.86533
1.9096
1.97703
1.51106
1.30816
1.63722
1.16194
1.79311
2.22547
1.40423
1.77964
1.16116
2.40827
2.34949
1.67738
1.49717
1.69962
1.47541
1.23252
1.47617
1.79548
2.2688
2.12212
1.38044
1.69071
1.72761
1.73537
1.54614
1.71942
1.13677
2.33737
2.11351
