1.71155
2.61114
1.83873
1.63157
1.56715
1.78791
1.81088
1.44704
1.91873
1.67391
1.64384
1.65732
1.68193
2.022
2.86833
1.84396
2.54995
2.05946
1.92936
2.09426
1.54018
1.8426
2.82087
2.07135
2.17305
2.05355
2.70258
2.12969
2.84842
2.88759
2.30147
2.16986
2.58619
2.65712
2.55022
1.97116
2.59454
2.31849
1.90185
2.21907
2.08027
2.17311
1.94047
1.61182
2.28298
2.9325
2.34406
2.81328
2.94038
2.49435
1.83598
2.14013
1.68267
1.37173
1.19468
1.44279
1.95943
1.56282
2.06195
2.26323
2.12979
2.37725
2.51623
2.40006
2.19492
2.57814
2.11196
2.36489
2.44952
2.22061
2.35868
2.47339
2.48033
1.99175
2.02168
2.06568
2.30546
1.98922
1.94213
2.37624
2.43167
2.69959
2.78648
2.78899
2.69869
2.73283
2.3168
2.13381
3.26801
2.60533
2.38069
2.09823
2.2828
1.82883
2.62751
2.2855
2.19365
1.89697
1.87317
1.88278
2.12596
2.041
2.01039
2.16641
2.10891
1.32226
1.53139
1.93991
1.57249
1.21787
1.49275
1.44666
1.99845
1.73332
1.82476
1.82731
2.21596
1.35982
1.34459
1.06291
1.40699
1.23129
1.49505
2.36357
2.28251
1.29193
1.18621
1.67245
2.12552
2.01952
1.37996
2.03812
2.04597
1.80918
1.4903
2.25481
2.2278
2.08733
2.25257
2.13378
2.34143
2.35446
2.06237
2.23326
2.31409
1.99753
1.65693
2.1387
2.42384
2.33196
2.33466
1.92985
1.38772
1.62395
1.30917
1.92213
2.46941
2.02913
2.07393
1.48452
2.53162
2.32057
1.59125
1.67073
1.91173
1.56743
1.38195
1.67885
1.82602
2.94393
2.28309
1.40591
1.98885
1.9163
2.38384
1.92322
2.46565
1.27183
2.35532
1.95797
