1.88203
1.37152
1.68151
1.76131
1.72889
1.71989
1.68413
1.37415
1.72091
1.49027
1.68361
1.67662
1.55088
1.29112
1.69054
1.5377
1.6034
1.56056
1.7474
1.8799
1.88577
1.94763
1.58718
1.5043
1.64191
1.42723
1.64702
1.79215
1.92778
1.65693
1.49003
1.48442
1.67662
1.7337
1.68641
1.60582
1.50789
1.48971
1.50553
1.50024
1.35817
1.52595
1.42898
1.5788
1.67881
1.62848
1.52627
1.4285
1.74971
1.68973
1.86493
1.49714
1.53362
1.52653
1.36971
1.8334
1.53887
1.30179
1.32627
1.28201
1.34418
1.4366
1.42818
1.398
1.54276
1.84688
1.89037
1.6656
1.46948
1.49565
1.69238
1.85165
1.57269
1.65624
1.781
2.01676
2.22023
1.66058
1.62263
1.47577
2.08772
2.07223
1.6718
1.69482
1.90477
1.71401
1.68068
1.85577
2.00301
1.94562
1.90356
1.85487
2.15889
1.82487
1.5411
1.44646
1.70305
1.60308
1.67933
1.53907
1.37727
1.3239
1.55845
1.28321
1.41971
1.36363
1.54336
1.44791
1.35813
1.36009
1.41403
1.28986
1.49569
1.37889
1.43834
1.72047
1.66368
1.86473
1.7122
1.61157
1.4502
1.58461
1.55338
1.43228
1.80502
1.52374
1.63351
1.46656
1.58263
1.81579
1.61811
2.10734
1.97048
1.81145
1.68011
1.63029
1.80109
1.61194
1.65458
1.65719
1.51138
1.6408
1.87457
1.77554
1.71527
1.74423
1.55939
1.87786
2.0168
1.71511
1.92997
1.56718
1.64336
1.64991
1.69678
2.14795
1.63537
1.6995
2.03323
1.69952
1.55259
1.74273
1.52639
1.38835
1.33979
1.47057
1.46707
1.32672
1.51503
1.72125
1.99736
1.92956
1.67697
1.27882
1.82494
1.52997
2.00704
1.55597
1.50148
1.36393
