1.84599
2.09156
1.69696
1.73195
1.80035
1.70311
1.59309
1.5253
1.73029
1.5143
1.59067
1.63122
1.606
1.23027
1.58654
1.54749
1.61683
1.66923
1.59732
1.75735
1.98048
1.83509
1.92711
1.64026
1.98822
1.3958
1.68523
1.7309
1.69216
1.71297
1.4102
1.48268
1.58025
1.66155
1.61329
1.62597
1.42649
1.53433
1.65599
1.45508
1.42509
1.63212
1.42547
1.39903
1.65644
1.66397
1.48622
1.61896
1.64382
1.613
1.90265
1.5436
1.67845
1.55625
1.45572
1.88087
1.39091
1.17068
1.38482
1.33974
1.29692
1.42913
1.41619
1.47484
1.68082
1.83432
1.70561
1.61716
1.50732
1.49079
1.58598
1.79221
1.53559
1.74024
1.81413
2.10078
1.86585
1.61686
1.55881
1.5116
2.04714
1.90045
1.62639
1.73422
2.21714
1.689
1.72214
2.00749
1.83274
1.87599
1.9292
1.78745
1.95443
1.61137
1.79261
1.46129
1.69236
1.39034
1.53995
1.405
1.4618
1.4358
1.55575
1.52896
1.47011
1.3599
1.56725
1.37995
1.36184
1.31982
1.39811
1.22377
1.61518
1.26294
1.50345
1.63979
1.59956
1.78476
1.72835
1.49511
1.50703
1.58683
1.68939
1.67667
1.7375
1.79427
1.60784
1.50897
1.52952
1.90799
1.70137
1.99787
1.87563
1.84639
1.72807
1.66919
1.79855
1.64679
1.66449
1.54151
1.49367
1.42426
1.89127
1.78772
1.86032
1.67856
1.55667
1.76835
1.8762
1.77088
1.93591
1.74025
1.66679
1.58503
1.3684
2.08811
1.57109
1.80036
1.57909
1.7245
1.54057
1.56055
1.58254
1.52297
1.4966
1.44476
1.48968
1.46419
1.51776
1.78043
2.02065
1.72948
1.63925
1.48923
1.75951
1.68313
1.82968
1.66448
1.41322
1.32434
