1.95718
2.81812
2.00816
2.22597
2.22414
2.47569
2.33008
1.31668
1.15633
1.45889
1.63464
1.7488
2.0846
2.33513
2.52461
1.73347
2.14449
2.53803
2.06832
2.29866
2.58235
2.80169
2.72662
1.71736
1.71221
1.38257
1.82174
2.12069
2.06921
3.1603
2.07548
1.46184
2.65346
2.58968
2.69012
1.33113
1.41955
1.33478
1.41653
1.18918
1.32424
1.29355
1.17848
1.23898
1.42118
1.70683
1.56692
1.61043
1.65266
2.1503
1.21343
1.46158
1.19088
1.1642
1.06853
1.19669
1.26969
1.44552
1.19453
1.17805
1.41475
1.20645
1.22877
1.49239
1.55271
1.81979
1.87231
1.72893
1.20053
1.36708
1.40861
1.31081
1.7204
1.51131
1.47142
1.65573
1.49723
1.41449
1.79411
1.65055
1.68146
1.52235
1.56199
1.58302
1.56979
1.46118
1.34642
1.56447
1.52096
1.77652
1.80597
1.85951
1.78691
1.73698
2.31849
1.30748
2.10467
1.49487
1.43905
1.45601
1.45256
1.39913
1.70592
1.53652
1.76381
1.64141
1.85373
1.39313
1.54053
2.02762
1.48711
1.68992
1.47664
1.36221
1.4301
1.47357
1.74643
2.50698
2.58688
3.14697
1.69015
3.11287
2.14506
1.68149
2.17816
2.17091
2.29607
2.34787
2.89185
2.68464
2.58714
2.67936
3.28761
2.93514
2.48799
2.9221
2.87011
2.44059
2.82026
2.64594
2.63843
1.89232
2.16331
2.96735
3.36192
2.46745
1.5301
1.90191
3.57305
3.16092
3.26962
1.73258
2.00213
2.23511
2.20677
2.224
2.43859
2.68186
2.34927
1.70962
2.65653
1.76556
2.204
1.42245
1.39494
1.90748
1.68782
1.51799
1.5694
1.4531
1.47685
2.86835
1.99632
1.94907
1.93494
2.46101
3.09268
1.93884
1.28051
1.23214
