1.6172
2.099
1.5922
1.6674
1.60782
1.6107
1.59792
1.27371
1.1457
1.64608
1.37669
1.3445
1.58202
2.02831
2.26559
1.86865
2.08705
1.8064
1.89256
1.70988
1.55543
1.60666
1.91582
1.30709
2.17421
1.24231
1.60939
2.3894
1.64637
2.34995
1.64358
2.16155
2.06335
2.4487
2.37958
1.35707
1.26136
1.42572
1.24872
1.21837
1.15857
1.28775
1.18465
1.19658
1.48945
1.89566
1.43972
1.96956
1.70998
2.00484
1.21451
1.36786
1.2256
1.192
1.0734
1.13901
1.30764
1.37979
1.11225
1.163
1.51542
1.1988
1.24928
1.422
1.53558
1.74273
1.5561
1.46842
1.2433
1.3402
1.38927
1.18952
1.5166
1.4377
1.31827
1.37259
1.46583
1.46017
1.47974
1.59036
1.37911
1.44666
1.40645
1.38326
1.40785
1.356
1.23796
1.48864
1.39324
1.41527
1.50528
1.87633
1.70354
1.60707
1.97953
1.29891
1.60095
1.41686
1.21667
1.28236
1.34022
1.18392
1.34657
1.40647
1.48941
1.49754
1.53485
1.37724
1.46612
1.83758
1.38666
1.5312
1.40629
1.38303
1.36319
1.32903
1.55113
2.37433
2.0183
2.09882
1.54646
2.50275
1.68756
1.52965
1.63948
1.79849
1.87403
1.73061
1.98718
1.8627
2.02337
2.05435
2.01302
1.99836
1.79186
1.95508
2.33857
1.88801
1.85028
1.99583
1.99789
1.66624
1.76624
1.9675
2.33723
1.8919
1.33032
1.56615
2.5096
2.26806
2.35455
1.60233
1.49762
1.58019
1.87411
1.85453
2.0767
1.74004
1.7808
1.65483
2.12222
2.07619
1.81466
1.63474
1.53006
1.80187
1.54034
1.33212
1.3577
1.39648
1.51318
1.98266
1.37612
1.52779
1.52669
1.91132
1.8896
1.69755
1.21102
1.18167
