2.03353
4.1421
2.25001
1.87575
2.00142
2.94325
3.86749
1.65537
1.59796
2.36737
2.42257
1.877
1.7129
3.44376
3.30914
2.05352
4.63554
5.14999
3.44178
4.88031
3.00682
4.07759
3.13299
2.06044
3.36653
2.22118
3.50394
3.47584
3.90598
3.27402
3.57991
3.31682
3.85197
3.77462
3.43967
1.77092
2.91345
3.42534
2.00873
1.91255
2.41944
3.55331
2.38687
2.26426
4.07581
3.95877
4.25268
4.13052
4.53108
4.67517
1.88957
3.07586
1.66291
2.18992
1.86063
2.38806
2.80997
3.16605
2.72426
2.87682
2.51928
2.7054
2.67811
2.67676
2.37062
2.70877
2.6278
2.89454
2.71416
2.131
2.61819
1.86798
2.34107
1.94197
1.9807
2.50126
2.47633
3.05015
2.23224
2.78222
2.25884
2.8165
2.28432
2.52275
2.36081
2.48108
1.94916
2.25747
2.58309
1.77216
2.49979
3.42634
3.29961
2.87388
4.72706
3.24676
2.86787
2.43125
3.07236
3.23752
2.65318
2.58762
2.93607
2.61045
3.50307
2.66868
3.06337
2.56963
2.59847
2.85138
2.51936
2.51205
3.17613
2.75419
3.1622
4.05528
5.24666
2.21886
2.45978
2.8555
2.68842
4.16851
3.28067
2.17236
3.19383
3.54814
4.60121
3.52218
4.07813
3.68855
3.25091
3.63177
5.38877
5.40658
4.64116
5.45472
4.94942
6.10906
4.14535
4.39054
4.0038
3.25011
3.82965
4.64095
4.32228
4.84617
3.99292
4.26155
3.73974
3.31797
3.59922
2.71811
2.28469
3.6204
4.42501
3.70741
5.04441
4.02852
4.19286
2.94499
2.97179
3.7332
4.73086
2.67536
2.68398
3.30419
2.76031
3.00894
2.39506
2.4865
2.18129
4.02122
2.29818
2.45513
2.44518
4.26937
4.79749
3.22134
2.70222
2.6832
