2.63131
2.3464
2.31189
2.59894
2.84306
3.26894
2.49956
1.64988
1.58622
1.63921
1.75418
1.69881
1.97481
1.74454
2.33587
1.95044
2.02111
2.12371
1.74253
2.38972
3.22094
4.03233
2.2285
1.5211
1.87856
1.53442
1.60561
1.76761
2.2145
1.78871
1.82439
1.55071
1.54011
1.60412
1.75004
1.6387
1.93647
1.57341
1.60801
2.05704
1.87621
1.45406
1.86164
1.27253
1.66485
2.23882
1.68909
1.75278
1.68982
2.10888
1.65873
1.47131
1.61704
1.28123
1.40926
2.06243
1.55241
1.55838
1.73674
1.88175
2.72763
3.14273
2.25346
1.9663
1.86458
2.25335
1.73955
1.65981
1.93963
1.64386
1.62604
1.51401
1.9145
2.34863
2.26061
2.19874
2.19784
2.02419
1.70126
2.0386
1.58249
1.87111
1.57648
1.54726
1.90265
1.77433
1.37019
2.1618
1.63664
1.88083
2.16718
2.51845
2.88122
1.75068
1.63519
1.70187
1.48831
1.6248
2.04829
2.06819
2.08883
2.27239
1.7145
1.60708
1.9064
1.29308
1.60135
2.17621
1.47037
0.967752
1.62836
1.43109
2.17999
2.14711
2.24132
1.63326
1.46581
1.17611
1.32421
1.32081
1.39865
1.36763
1.88544
1.44215
1.64646
0.992331
1.38101
1.79411
1.7012
1.63421
2.03135
2.25336
2.22103
3.35879
2.35013
1.77954
3.08846
2.36268
1.76519
1.90069
3.15097
2.49295
2.89911
1.47151
1.69544
1.64398
1.90569
1.85932
1.82112
2.1129
2.39623
2.2407
1.63714
2.40923
1.22866
3.31645
2.69003
2.44257
1.97835
1.88104
1.5055
1.67684
1.73674
1.83028
1.93147
1.89334
1.26386
1.99217
2.17056
1.52735
2.16838
3.89148
1.45251
1.20631
1.59675
1.8624
2.1374
1.11896
2.03152
2.79597
