2.99427
2.69937
1.91961
2.98127
3.26729
3.97175
4.02245
1.74851
1.79699
1.68048
2.15557
1.60171
3.44802
1.75492
1.74592
4.24019
4.13472
2.60669
3.68498
4.51243
4.33763
3.61824
2.95398
2.00111
3.71724
1.75897
1.85198
2.37964
1.45745
1.69123
1.72431
1.70279
1.75614
1.53059
1.84825
1.78165
1.83876
1.71589
1.43476
2.08491
1.81334
1.68672
1.91747
1.12326
1.54064
2.5433
2.14563
2.55206
2.22182
2.82416
2.05734
1.88888
1.86956
1.67652
1.37254
2.001
1.65397
2.60674
2.66538
2.03229
2.0302
2.77364
2.09439
2.01387
1.91844
2.52905
1.67688
1.5729
2.30821
1.69427
1.71873
1.83836
2.03715
2.22688
2.58521
2.13546
2.89699
2.02353
1.82642
1.9187
1.74284
2.01513
1.46032
1.70471
1.84602
1.6829
1.54707
2.20989
2.2101
2.39428
3.29034
2.05881
3.21773
2.25432
1.82567
1.57852
1.71908
1.38088
2.43275
2.43564
2.28785
2.55661
1.9583
2.19951
2.28424
1.62314
1.42867
2.3175
1.60594
1.73079
1.82904
1.81771
2.62619
2.72636
3.02549
1.7329
1.75027
1.02046
1.27531
1.33789
1.40725
1.56566
2.16024
1.57073
2.13608
1.18654
1.99199
1.92501
1.92253
3.2032
2.17826
3.1176
3.87045
4.48059
3.01092
3.00047
4.39066
3.27346
2.81231
2.55932
2.8888
1.92339
3.97485
1.86436
1.88449
2.61721
2.02365
2.71994
2.72699
4.02703
3.0793
2.66803
1.82307
2.83744
1.70733
4.11327
3.68959
4.14536
4.3038
2.032
2.04987
1.81638
1.82837
2.16617
2.22247
2.61457
1.61735
3.23847
2.19676
1.79809
2.06724
4.05176
1.70829
1.75536
2.22299
1.5711
3.62013
1.24703
3.09866
4.03435
