1.22957
1.43096
1.13108
1.09519
1.23742
1.31339
1.4125
1.50089
1.15092
1.29745
1.18033
1.34273
1.18996
1.30289
1.37212
1.41533
1.1817
1.16919
1.11857
1.23051
1.00853
1.41609
1.28404
1.11764
1.14326
0.685185
0.924122
1.44605
1.32547
1.39539
1.09512
1.17939
0.949975
1.07052
0.906946
1.52263
1.4449
1.06812
0.95326
1.57777
1.11495
1.19383
1.05596
0.908154
0.852161
0.911295
1.19183
1.20735
0.628315
0.685887
1.23025
1.02213
1.16081
1.01031
0.994343
1.09093
1.14457
1.29065
0.956837
0.997649
1.2682
1.21102
1.12183
1.39517
1.07494
1.40365
1.20782
1.10237
1.08275
0.760259
1.06173
0.881148
1.33771
1.19385
1.33734
1.18195
1.52649
1.13491
1.51834
1.20276
1.22071
1.26193
1.31177
1.05058
1.14283
1.28615
0.973967
1.09935
1.19206
1.45043
1.51778
1.90525
1.32682
1.12245
1.01426
1.19497
1.26322
1.10676
1.57714
1.49841
1.17085
1.33031
1.41012
1.37062
1.09583
1.10994
1.13957
1.15117
1.32693
1.04136
1.25889
1.08735
1.28477
1.24379
1.11534
0.804903
0.928605
1.20204
1.13921
1.0636
1.01736
1.10426
1.08688
1.1548
1.19398
0.813002
1.04679
1.03828
1.18522
1.23775
1.23541
1.35155
1.44983
1.32412
1.07663
1.23533
1.40652
1.29741
1.09658
1.16839
0.854551
1.4078
1.20244
1.12759
0.969019
1.18223
1.07814
1.29323
1.09785
1.19164
1.38982
1.09303
0.743214
1.23069
0.919043
1.25523
1.25301
1.03355
1.06971
0.966123
0.947451
0.995141
1.05256
1.31497
1.20079
1.12684
1.19403
1.42262
1.23801
1.27854
1.07723
1.167
1.19993
1.11669
1.00083
1.00278
1.52579
1.17603
1.17198
1.11058
