1.59166
1.5807
1.52135
1.54084
1.55468
1.56967
1.50856
1.39924
1.39972
1.36549
1.40316
1.39254
1.58423
1.24744
1.48843
1.56484
1.57561
1.63898
1.3939
1.64715
1.69389
1.60496
1.6003
1.12941
1.48592
1.09569
1.43682
1.56276
1.40552
1.43648
1.34398
1.42842
1.37387
1.4225
1.39503
1.51187
1.46703
1.26213
1.43156
1.43971
1.18442
1.46804
1.36237
1.28507
1.57063
1.70406
1.59264
1.51799
1.56747
1.52969
1.5177
1.42971
1.35164
1.28872
1.25159
1.35971
1.54299
1.38354
1.24099
1.11301
1.3719
1.28813
1.3427
1.3816
1.38951
1.67683
1.36837
1.34901
1.39812
1.26867
1.36677
1.43857
1.48746
1.48571
1.52232
1.58119
1.66422
1.50009
1.41303
1.52804
1.50044
1.63852
1.37568
1.41687
1.45759
1.50317
1.44455
1.51154
1.57122
1.76122
1.63243
1.71451
1.61706
1.43436
1.44398
1.34789
1.42778
1.20237
1.48222
1.51483
1.29211
1.38737
1.19538
1.2524
1.35983
1.31202
1.2678
1.34952
1.2772
1.33257
1.31134
1.25225
1.38057
1.38149
1.37722
1.39526
1.53502
1.66899
1.49284
1.44422
1.18333
1.55381
1.26126
1.30923
1.41718
1.39751
1.34291
1.3696
1.38139
1.5545
1.50559
1.60937
1.57624
1.70255
1.64278
1.69992
1.52263
1.49246
1.4017
1.51344
1.5247
1.42941
1.6126
1.55761
1.61703
1.63289
1.43296
1.53439
1.62903
1.59258
1.69558
1.66033
1.22071
1.30633
1.25265
1.6292
1.49268
1.58909
1.65659
1.34906
1.45105
1.32666
1.4776
1.18556
1.36446
1.32976
1.30776
1.45657
1.49806
1.54934
1.55778
1.66477
1.25849
1.23971
1.4973
1.46268
1.6783
1.29804
1.26858
1.3133
