1.64387
1.63307
1.77554
1.58495
1.50028
1.45258
1.47433
1.48184
1.63469
1.57709
1.51057
1.59124
1.58463
1.43625
1.5149
1.62109
1.57038
1.48994
1.45525
1.44834
1.42852
1.35938
1.40737
1.48139
1.54288
1.45833
1.5981
1.59298
1.54933
1.57891
1.40247
1.43704
1.43924
1.39518
1.45234
1.48799
1.41746
1.54492
1.60563
1.44065
1.34219
1.59537
1.45321
1.43538
1.64651
1.6677
1.56569
1.55887
1.64314
1.50986
1.54993
1.53123
1.55388
1.57347
1.50084
1.59445
1.49597
1.52989
1.43091
1.41339
1.39829
1.4705
1.57375
1.39446
1.39017
1.53003
1.65001
1.5238
1.49998
1.56327
1.54794
1.71244
1.53833
1.49254
1.6447
1.58065
1.81798
1.52429
1.48732
1.51505
1.5059
1.60583
1.54365
1.65495
1.66403
1.56109
1.55558
1.44886
1.5289
1.62775
1.63417
1.77732
1.58274
1.42302
1.60343
1.50773
1.56298
1.51844
1.45852
1.34443
1.33295
1.40494
1.49036
1.33239
1.38311
1.41253
1.46299
1.44598
1.41941
1.45632
1.40347
1.40553
1.45678
1.42621
1.37251
1.50012
1.49985
1.39406
1.60351
1.5044
1.48503
1.49306
1.47993
1.51584
1.50875
1.37335
1.41816
1.41583
1.4084
1.49653
1.58647
1.70204
1.59767
1.70082
1.60215
1.45146
1.53573
1.49705
1.49452
1.57412
1.45591
1.52369
1.54723
1.47551
1.47636
1.48611
1.48111
1.54577
1.66997
1.54691
1.64302
1.85951
1.38932
1.35466
1.33378
1.47628
1.56354
1.54394
1.5561
1.36625
1.6015
1.52786
1.34721
1.53636
1.29915
1.3359
1.47065
1.29683
1.41225
1.70236
1.5822
1.63846
1.49821
1.3158
1.62915
1.52034
1.74703
1.4427
1.40191
1.43179
