1.65388
1.3549
1.64633
1.6265
1.528
1.38585
1.4245
1.46546
1.57803
1.54647
1.58734
1.57728
1.60425
1.49613
1.49376
1.49198
1.47279
1.38122
1.48925
1.38209
1.40072
1.54651
1.45094
1.39574
1.54998
1.52577
1.6354
1.41905
1.67798
1.43465
1.35833
1.47171
1.48127
1.53594
1.41415
1.49176
1.62656
1.52806
1.77135
1.39125
1.42116
1.54673
1.52407
1.45291
1.64988
1.57982
1.48586
1.60524
1.61002
1.58681
1.68279
1.49497
1.46936
1.47151
1.50911
1.68124
1.43557
1.59558
1.61179
1.43913
1.42258
1.46049
1.49749
1.41682
1.4955
1.44389
1.54119
1.57146
1.63366
1.62971
1.75353
1.80195
1.55557
1.52738
1.55044
1.6464
1.80227
1.51443
1.47431
1.46219
1.6163
1.67173
1.57767
1.68319
1.52824
1.51255
1.66767
1.7201
1.77251
1.67494
1.64721
1.59721
1.63948
1.54865
1.59195
1.4663
1.47171
1.43788
1.39397
1.4307
1.3228
1.26686
1.28533
1.33576
1.41581
1.35879
1.4348
1.43115
1.37036
1.4509
1.30255
1.35108
1.35496
1.3978
1.38744
1.4404
1.41734
1.47589
1.54008
1.32161
1.5058
1.53951
1.533
1.55554
1.46005
1.43198
1.31196
1.39108
1.47472
1.69785
1.61216
1.64028
1.51316
1.6616
1.51416
1.42365
1.51255
1.42118
1.41739
1.51927
1.39573
1.45913
1.45926
1.49183
1.50874
1.47755
1.40409
1.48151
1.60907
1.53185
1.55526
1.71118
1.48273
1.38246
1.26589
1.35412
1.58793
1.40575
1.47167
1.42391
1.52209
1.50658
1.38101
1.5037
1.42855
1.44517
1.42612
1.30848
1.38114
1.50199
1.75487
1.609
1.42944
1.45561
1.6542
1.59861
1.51569
1.54657
1.43284
1.49524
