2.17146
2.35624
2.04458
1.81475
1.71731
1.90725
2.31842
1.89664
2.5103
2.12192
2.34956
1.9316
1.33492
2.47975
2.75949
1.39959
2.6397
2.62262
1.88063
2.39535
1.61832
2.24849
1.71398
2.4148
2.14395
2.16485
2.79062
2.05173
2.73138
2.51522
2.3977
2.43484
2.63688
2.372
2.38928
2.1583
2.57221
2.58955
2.00172
2.42146
2.19192
2.48394
2.49058
2.07695
2.69123
2.47857
2.83802
2.75625
2.95835
2.41443
2.08588
3.0283
2.16595
2.20268
1.93029
1.71296
2.40474
2.60399
2.56712
2.51399
2.16927
2.54583
2.4959
2.45622
2.3661
2.76849
2.26625
2.34262
2.5696
1.78592
2.27595
1.67332
2.66103
1.98592
2.10709
2.73129
2.5976
2.29103
2.59777
2.61993
2.54144
2.8845
2.34644
2.19154
2.30048
2.38645
1.87629
2.20056
2.10966
1.58599
2.18682
2.78675
2.73614
2.28491
2.95543
2.56424
2.00157
2.1186
2.55545
2.56909
2.47428
2.6433
2.16423
2.76795
2.98863
1.68125
2.20277
2.35712
1.91377
1.87332
2.14117
1.78989
2.67037
2.30271
2.71317
2.63981
3.02804
1.32209
1.42527
1.48448
1.66851
1.92601
1.77179
2.12199
2.47977
1.98878
2.02775
2.04693
2.66213
2.03556
1.71636
1.95047
2.4168
2.50995
2.34545
2.78254
2.34633
2.76107
2.60791
2.56913
2.24022
2.43168
1.82169
2.87378
2.17559
2.38473
2.8419
2.68694
2.56274
2.24712
2.1325
1.80192
1.5385
1.95298
2.02679
2.058
2.71278
1.93782
2.22366
1.73793
2.49094
2.63521
2.15923
2.19407
2.09684
2.55096
1.70086
2.32407
2.57566
2.49519
2.34021
1.9897
2.38524
2.51329
2.01118
2.34472
2.33035
2.0001
2.53016
2.35071
