1.08665
1.45932
1.34016
1.02199
1.34417
1.31548
1.20742
1.60566
1.32677
1.7583
1.72386
1.72411
1.45879
1.44861
1.66326
1.46648
1.60403
1.03434
1.54994
1.52345
1.44937
1.29258
1.55065
1.54443
1.59016
1.6157
1.76035
1.586
1.63014
1.68957
1.37351
1.82902
1.68482
1.91297
1.69359
1.36412
1.57709
1.77723
1.04171
1.64143
1.68173
1.18977
1.73008
1.62553
1.55684
1.56069
1.36002
1.40662
1.13267
1.60032
1.52788
1.39038
1.52926
1.54787
1.46936
1.68309
1.6855
1.54735
2.05536
2.06455
1.56092
2.07016
2.05201
1.84789
1.70758
1.9672
1.9809
2.02603
1.84493
1.63216
1.92759
1.92836
2.34278
2.01549
2.01609
1.97992
2.12526
1.77952
2.12298
1.98258
2.04391
2.16715
2.25888
2.10353
2.37033
2.30923
1.99266
1.91665
2.15992
2.10306
2.1444
1.83002
1.85357
1.59051
1.71883
1.80004
1.95793
1.75034
1.49988
1.50297
1.64116
1.72769
1.43922
1.63178
1.57928
1.15911
1.20939
2.02527
1.45691
1.15656
1.8433
1.2023
1.84652
1.76604
1.93975
1.45509
1.6157
1.19533
1.21644
1.17722
0.969858
1.0888
1.14147
1.32874
1.39213
1.20364
0.970294
1.34993
1.52718
1.61436
1.24894
1.44665
1.33432
1.21344
1.20081
1.16456
1.41603
1.2425
1.50204
1.43497
1.42756
1.37843
1.52165
1.7575
1.63896
1.41912
1.50498
1.6693
1.84272
1.72848
1.80479
1.31163
1.03421
1.17915
1.04932
1.40806
1.26897
1.47692
1.48885
1.22011
1.72739
1.84481
1.09235
1.6752
1.53291
1.41251
1.29139
1.62321
2.21941
2.21378
2.01891
1.15916
1.46978
1.39423
1.26175
1.48204
1.32521
1.20343
2.15022
1.78637
