4.30432
8.52118
7.96776
6.25434
7.39816
8.53071
8.51396
1.53677
1.7569
4.84291
4.43353
3.53945
8.71304
5.35624
8.58932
9.42366
8.95913
5.67073
9.32447
8.89909
9.60238
9.05066
7.92672
2.073
6.8222
1.78667
7.30824
5.24378
8.74082
6.8252
5.44695
3.82516
5.60485
6.31499
6.65128
1.6607
3.93624
4.77899
3.58041
2.22844
2.03711
7.42185
1.50571
2.24474
8.3799
9.24743
6.99273
9.08822
8.75552
9.02498
2.59191
4.72575
1.47224
3.17187
1.77191
2.93085
2.37267
2.28015
1.55643
1.4613
1.07225
1.24487
1.77483
1.25028
1.255
2.85246
3.75109
3.70678
1.28897
1.70553
1.9919
1.492
4.73404
2.78595
2.39375
2.1578
2.74917
2.97582
4.80952
4.99698
4.19685
4.19481
4.66911
4.43366
3.89989
3.22299
1.79776
1.56307
2.36501
1.63406
2.17606
2.07285
1.61432
1.86041
8.15673
5.01109
5.18129
2.58255
1.94237
3.24238
4.24619
1.85059
1.89692
3.31174
4.4608
1.61234
1.61648
1.94599
1.63015
1.39385
1.60263
1.46176
2.35975
1.62491
2.30683
5.87548
7.45992
2.89825
1.78045
1.59749
2.92642
2.04301
1.83914
2.43025
3.06814
2.2273
2.96124
2.08329
4.71525
4.72381
1.89425
3.07491
6.07683
4.35902
3.33754
4.94513
6.97821
7.38788
5.38766
7.14521
8.17241
7.55285
8.35427
7.63746
8.40566
8.73714
4.64843
6.035
7.37059
7.16473
7.92687
8.97846
3.27589
5.86747
2.18983
8.87388
8.44551
9.06293
7.48038
3.82536
7.08753
6.22385
4.24959
1.36007
1.19481
1.45435
1.62241
1.77554
1.96507
2.08959
3.78973
2.43975
1.83007
2.23734
2.6466
2.44661
5.01381
1.61017
1.50533
1.18663
