3.38757
8.17408
5.979
5.12947
7.27189
8.6057
8.37999
1.46023
1.76596
2.83718
2.81851
2.61917
7.80805
4.06021
7.83799
8.65951
8.53403
6.00396
10.0673
8.94247
8.97743
8.31623
8.58825
1.87221
3.49551
1.47238
6.47183
5.434
7.37379
5.26511
5.20549
3.70045
4.96127
5.64772
5.83508
1.4702
3.5185
4.82917
2.50846
1.93674
1.55464
7.74143
1.82803
2.3571
6.99415
8.20194
8.00287
8.84599
8.60994
8.57447
2.71032
4.36603
1.7212
2.23551
2.12142
2.36115
2.09261
2.00262
1.83672
1.56557
1.23715
1.49703
1.64042
1.34826
1.5445
1.78432
3.07448
2.793
1.47432
1.43258
1.71758
1.54489
2.65665
2.01307
1.83621
1.90145
1.90122
2.40388
3.01902
3.81856
3.02967
2.77709
2.5399
3.16215
2.36079
2.41844
1.70011
1.56011
1.52973
1.60147
1.80614
1.74061
1.6623
1.63848
8.8608
4.10323
4.4555
2.53428
1.64861
2.35888
3.15575
1.70191
1.5828
4.0778
4.54925
1.40764
1.5421
1.71104
1.30069
1.42881
1.1967
1.47811
1.56078
1.54803
1.77337
4.69687
6.68186
2.38501
1.67908
1.34767
2.68456
1.81405
1.5823
2.28071
1.98687
2.17524
3.65937
1.77297
2.60003
3.40315
1.56903
2.11673
5.48181
3.23211
2.90826
5.16388
6.26458
6.94241
4.51755
6.62561
7.59317
7.56563
8.31163
7.00054
7.8174
9.72769
3.39137
5.10269
5.5834
5.6159
6.13052
8.30777
4.12238
6.52015
2.05037
8.69114
7.57724
9.53421
8.9755
5.68406
5.73463
6.63055
4.82143
1.50764
1.62577
1.55501
1.45849
1.54634
1.63597
1.85635
1.87729
1.74477
1.84726
2.72516
2.24489
2.04116
3.40232
1.58418
1.46995
1.41055
