0.967323
0.957123
1.39318
0.893777
0.982377
1.03666
0.951267
1.50116
1.37757
1.1511
1.11965
1.1087
1.1492
1.45914
1.15348
1.21493
1.23279
1.081
1.2577
0.939324
0.900879
1.00734
1.04098
1.31095
1.13953
0.901649
1.28354
0.965196
1.26342
1.14705
1.01755
1.24997
1.05323
1.34173
1.09243
1.34043
1.53177
1.39388
1.03498
1.52503
1.48922
0.960124
1.14797
0.902479
1.14145
0.931875
0.935049
1.01392
0.90051
1.26401
1.08748
1.18103
1.42055
1.44504
1.11176
1.20122
1.10816
1.18224
1.18759
1.41737
1.23439
1.23828
1.23985
1.13257
1.09911
1.20831
0.800189
0.946428
1.0357
0.700107
0.679833
0.762027
1.00092
0.94776
1.0762
1.05552
1.04157
1.1148
1.47202
1.11947
0.862543
0.89088
0.910239
0.760875
0.802792
0.812926
0.717622
1.15562
0.838325
0.937574
1.21322
1.30897
1.01534
1.11006
1.10647
1.34434
1.04523
0.763764
1.13454
1.08388
1.20574
1.4425
1.25074
1.31354
1.01384
0.872091
1.16072
1.0912
0.954257
0.894562
1.04465
0.856048
1.10162
1.23321
1.30371
0.981338
1.17
0.989901
1.29071
0.992135
0.864519
0.96149
0.866051
1.03868
0.97798
1.26264
1.01825
0.848631
0.917322
0.895173
0.977351
0.908582
0.913484
0.811712
0.987019
1.05093
1.03674
1.11724
0.947924
0.91592
1.02521
1.10927
1.04916
0.972487
1.16174
1.16097
1.02081
0.882073
0.981142
0.985642
0.954015
1.19484
0.977432
0.909926
0.903698
1.05711
1.03272
0.992011
0.816876
0.774194
1.05494
1.11113
1.13304
0.966154
0.813913
1.05343
0.975592
1.24889
1.26187
0.99401
0.868333
0.941101
1.29325
0.9971
0.981891
0.801163
0.7676
1.00411
1.37796
1.18179
