1.61848
1.36119
1.44498
1.49246
1.47994
1.37437
1.36227
1.54777
1.66077
1.52276
1.50133
1.54867
1.45124
1.58564
1.49662
1.62405
1.599
1.45271
1.38656
1.24001
1.4313
1.37798
1.4198
1.52568
1.31781
1.57511
1.61915
1.45234
1.80369
1.5987
1.31998
1.58302
1.40105
1.44274
1.41153
1.86366
1.57204
1.41596
1.71799
1.55204
1.36624
1.69298
1.51385
1.52226
1.64155
1.9203
1.61812
1.59806
1.65035
1.40974
1.69647
1.56781
1.56574
1.52373
1.40737
1.51182
1.42095
1.40261
1.34291
1.4198
1.42731
1.49788
1.62796
1.54597
1.54405
1.64375
1.58281
1.53088
1.49681
1.42612
1.43355
1.43233
1.58075
1.63508
1.82991
1.90707
1.82977
1.53896
1.47941
1.40396
1.67885
1.68937
1.62794
1.49565
1.54508
1.51849
1.47842
1.66417
1.43496
1.53556
1.70953
1.92236
1.67523
1.73877
1.55747
1.40945
1.5774
1.42864
1.58528
1.40006
1.34904
1.34684
1.41433
1.3463
1.38013
1.31862
1.43759
1.43641
1.30705
1.42344
1.45407
1.31585
1.41386
1.33567
1.38311
1.46884
1.46408
1.4321
1.60535
1.36765
1.29689
1.65763
1.45056
1.33167
1.41434
1.52381
1.50304
1.36688
1.28903
1.39596
1.58848
1.74653
1.54671
1.49722
1.58385
1.42513
1.54368
1.43138
1.48956
1.36662
1.43223
1.39191
1.53519
1.53711
1.48713
1.43522
1.63955
1.48236
1.5348
1.405
1.55763
1.92054
1.41984
1.345
1.39881
1.54231
1.42713
1.38271
1.411
1.26455
1.43367
1.41563
1.44282
1.29775
1.34082
1.55661
1.35178
1.34669
1.51739
1.54679
1.68071
1.68326
1.49176
1.25855
1.40912
1.41263
1.56605
1.34717
1.547
1.32405
